/*Owner & Copyrights: Vance King Saxbe. A.*/Date,Open,High,Low,Close,Volume,Adj Close
2012-07-20,101.45,101.55,100.00,100.20,256000,100.15
2012-07-20,101.45,101.60,100.00,100.15,256000,100.15
2012-07-19,102.65,103.50,101.25,101.40,286900,101.40
2012-07-18,103.10,103.10,100.75,101.70,300400,101.70
2012-07-17,103.95,104.00,102.15,102.25,204200,102.25
2012-07-16,104.10,104.85,102.70,102.80,384100,102.80
2012-07-13,104.25,105.50,103.50,104.00,355700,104.00
2012-07-12,104.85,105.65,103.50,103.80,342400,103.80
2012-07-11,107.40,107.60,105.40,105.95,581300,105.95
2012-07-10,108.50,110.50,108.35,110.30,388800,110.30
2012-07-09,109.50,109.50,107.50,108.15,375700,108.15
2012-07-06,110.30,111.00,108.85,109.05,495300,109.05
2012-07-05,109.10,110.80,107.75,110.05,570100,110.05
2012-07-04,107.60,108.70,107.15,108.70,305100,108.70
2012-07-03,107.00,107.90,106.60,107.30,265700,107.30
2012-07-02,108.00,108.00,104.35,106.30,528300,106.30
2012-06-29,105.90,107.40,105.85,107.00,467000,107.00
2012-06-28,105.15,105.90,104.15,104.50,371900,104.50
2012-06-27,104.70,105.95,104.00,105.15,325500,105.15
2012-06-26,102.60,104.50,102.05,103.75,247000,103.75
2012-06-25,103.50,106.70,102.15,102.90,551500,102.90
2012-06-22,101.75,103.90,101.15,103.30,330500,103.30
2012-06-21,100.05,103.35,99.40,102.90,381900,102.90
2012-06-20,101.45,101.50,99.50,100.70,368600,100.70
2012-06-19,99.05,100.50,97.20,100.45,388900,100.45
2012-06-18,104.85,105.50,98.75,99.25,685600,99.25
2012-06-15,101.45,104.00,101.40,103.50,493700,103.50
2012-06-14,100.50,102.70,99.40,100.75,565200,100.75
2012-06-13,103.00,103.85,102.00,102.55,501700,102.55
2012-06-12,100.20,102.70,98.75,102.55,778800,102.55
2012-06-11,98.20,101.20,98.20,100.40,1344600,100.40
2012-06-08,96.05,97.65,93.90,97.50,708300,97.50
2012-06-07,96.90,97.45,95.60,96.05,528000,96.05
2012-06-06,94.15,96.15,93.15,95.65,779600,95.65
2012-06-05,93.10,94.00,91.55,92.70,576100,92.70
2012-06-01,93.70,94.65,88.15,88.50,659800,88.50
2012-05-31,87.75,93.80,87.40,92.85,994000,92.85
2012-05-30,91.90,91.90,87.40,88.85,530700,88.85
2012-05-29,93.80,94.30,91.50,91.65,336000,91.65
2012-05-28,89.90,93.25,89.55,93.10,358200,93.10
2012-05-25,88.45,89.80,87.20,89.55,347700,89.55
2012-05-24,85.70,88.45,85.20,88.20,299800,88.20
2012-05-23,85.90,86.40,84.10,85.85,458900,85.85
2012-05-22,90.05,90.35,85.55,86.45,387200,86.45
2012-05-21,88.30,90.50,88.20,88.40,640900,88.40
2012-05-18,85.75,89.60,85.10,89.55,526100,89.55
2012-05-17,88.30,89.45,85.80,86.85,503800,86.85
2012-05-16,89.50,89.70,87.05,87.30,517300,87.30
2012-05-14,91.95,92.00,88.45,89.75,307800,89.75
2012-05-11,90.00,93.00,89.50,91.00,700700,91.00
2012-05-10,91.50,93.60,89.95,90.50,520000,90.50
2012-05-09,94.00,94.65,91.00,91.10,726400,91.10
2012-05-08,99.75,100.40,93.90,94.25,608700,94.25
2012-05-07,95.50,99.20,91.00,98.50,2343900,98.50
2012-05-04,102.90,104.00,96.15,97.05,1027300,97.05
2012-05-03,104.50,104.80,102.50,104.10,368200,104.10
2012-05-02,104.50,106.30,104.35,105.00,449000,105.00
2012-04-30,101.90,106.00,100.95,105.20,436500,105.20
2012-04-27,98.10,99.70,96.50,98.60,564300,98.60
2012-04-26,102.50,102.50,97.30,97.90,1221800,97.90
2012-04-25,107.00,107.80,101.70,102.00,488100,102.00
2012-04-24,107.00,107.90,104.70,107.10,282000,107.10
2012-04-23,109.90,110.45,105.60,105.60,448400,105.60
2012-04-20,109.50,111.40,109.00,109.05,334200,109.05
2012-04-19,110.65,111.40,109.30,110.65,289900,110.65
2012-04-18,114.80,114.80,110.15,110.60,337300,110.60
2012-04-17,114.00,115.00,111.05,111.80,818400,111.80
2012-04-16,110.00,113.90,109.60,113.60,481600,113.60
2012-04-13,114.05,115.35,108.60,109.50,562700,109.50
2012-04-12,112.55,114.40,112.35,113.10,538400,113.10
2012-04-11,110.20,114.50,110.00,111.85,891700,111.85
2012-04-10,108.00,112.40,105.10,112.10,723700,112.10
2012-04-09,112.45,112.45,107.50,107.55,258700,107.55
2012-04-04,112.50,113.45,111.20,113.00,310700,113.00
2012-04-03,112.50,113.55,112.25,112.85,233300,112.85
2012-04-02,111.50,113.25,110.55,112.70,256900,112.70
2012-03-30,106.50,112.00,106.10,110.95,1113400,110.95
2012-03-29,106.65,108.50,104.00,106.90,725700,106.90
2012-03-28,108.30,108.35,106.00,107.00,319400,107.00
2012-03-27,109.95,110.50,107.05,108.65,500900,108.65
2012-03-26,110.50,110.90,107.10,108.45,590300,108.45
2012-03-23,110.80,112.00,108.75,112.00,638600,112.00
2012-03-21,112.60,116.00,111.50,115.85,395100,115.85
2012-03-20,110.50,112.80,108.70,112.70,507600,112.70
2012-03-19,113.95,113.95,110.00,111.00,499500,111.00
2012-03-16,113.30,115.90,111.00,112.00,574800,112.00
2012-03-15,119.00,119.85,112.00,113.35,942700,113.35
2012-03-14,120.95,121.80,116.75,120.05,664500,120.05
2012-03-13,120.00,120.80,118.65,119.10,780100,119.10
2012-03-12,117.80,121.55,117.10,118.55,1072900,118.55
2012-03-09,111.70,116.45,111.70,116.00,742100,116.00
2012-03-07,107.45,111.35,106.20,110.50,468500,110.50
2012-03-06,109.05,114.30,106.70,106.90,693600,106.90
2012-03-05,108.90,112.60,106.10,112.00,700800,112.00
2012-03-02,110.00,111.85,107.85,109.80,441600,109.80
2012-03-01,110.05,111.80,107.20,108.75,419600,108.75
2012-02-29,113.00,114.60,107.60,110.45,784700,110.45
2012-02-28,108.40,113.40,106.55,110.25,1167000,110.25
2012-02-27,110.00,112.00,105.20,106.35,929300,106.35
2012-02-24,108.80,113.55,106.00,112.90,920600,112.90
2012-02-23,107.95,109.95,102.60,109.75,838900,109.75
2012-02-22,117.00,118.40,105.00,106.95,1189400,106.95
2012-02-21,119.00,119.50,116.70,117.50,675000,117.50
2012-02-17,118.00,119.80,114.55,116.45,937500,116.45
2012-02-16,116.80,118.10,114.35,116.95,1110800,116.95
2012-02-15,119.40,120.95,115.35,116.65,1045100,116.65
2012-02-14,116.50,119.00,114.70,118.35,1170000,118.35
2012-02-13,113.80,116.00,113.10,115.30,932600,115.30
2012-02-10,111.25,113.80,108.95,111.90,823400,111.90
2012-02-09,110.90,111.70,108.75,111.50,695100,111.50
2012-02-08,108.00,110.30,107.00,110.10,1619000,110.10
2012-02-07,102.05,108.50,102.05,107.65,2436900,107.65
2012-02-06,102.40,103.40,100.50,102.55,545500,102.55
2012-02-03,100.50,102.60,100.15,101.15,1383900,101.15
2012-02-02,98.25,99.40,95.70,99.00,1027400,99.00
2012-02-01,96.50,99.45,94.85,98.00,981900,98.00
2012-01-31,93.00,96.90,93.00,96.35,490700,96.35
2012-01-30,93.10,96.50,92.00,92.70,466000,92.70
2012-01-27,97.40,98.50,95.25,95.35,653900,95.35
2012-01-25,96.45,98.70,96.30,97.50,1288000,97.50
2012-01-24,91.50,97.80,89.60,95.20,2342100,95.20
2012-01-23,88.70,95.00,88.25,91.00,1347300,91.00
2012-01-20,86.50,87.95,85.20,86.95,810300,86.95
2012-01-19,78.60,85.70,78.60,84.30,464700,84.30
2012-01-18,87.30,87.70,82.00,83.20,683000,83.20
2012-01-17,84.45,88.75,84.10,86.10,818700,86.10
2012-01-16,83.05,84.45,81.75,84.00,243800,84.00
2012-01-13,83.90,85.00,82.20,83.70,440900,83.70
2012-01-12,82.90,85.90,82.10,83.40,814900,83.40
2012-01-11,82.00,83.70,81.50,82.00,483800,82.00
2012-01-10,78.00,82.60,78.00,81.70,570800,81.70
2012-01-06,76.00,77.50,74.05,77.25,469900,77.25
2012-01-05,77.50,77.65,75.50,76.20,710200,76.20
2012-01-04,74.00,76.75,73.10,76.70,760700,76.70
2012-01-03,70.00,74.25,69.50,74.15,765100,74.15
2012-01-02,68.80,69.60,67.75,69.60,265300,69.60
2011-12-30,68.10,69.85,67.40,68.50,606600,68.50
2011-12-29,70.25,71.45,67.90,68.30,883300,68.30
2011-12-28,74.75,75.50,70.75,71.20,652600,71.20
2011-12-27,75.00,76.25,74.55,75.95,736600,75.95
2011-12-26,74.00,75.30,73.65,75.20,701500,75.20
2011-12-23,79.80,80.50,73.60,73.85,1004900,73.85
2011-12-22,78.80,80.00,77.10,79.40,620800,79.40
2011-12-21,81.80,81.90,76.70,78.40,646700,78.40
2011-12-20,85.15,85.55,77.65,77.75,541000,77.75
2011-12-19,89.40,90.55,83.60,84.45,373300,84.45
2011-12-16,93.05,93.90,89.00,89.30,450000,89.30
2011-12-15,93.10,93.90,91.65,91.90,280800,91.90
2011-12-14,95.50,95.90,93.50,93.70,225800,93.70
2011-12-13,95.10,96.60,94.00,94.60,409800,94.60
2011-12-12,100.00,100.75,95.20,95.70,359300,95.70
2011-12-09,99.10,100.25,97.10,98.55,353600,98.55
2011-12-08,102.10,102.75,98.50,98.80,228700,98.80
2011-12-07,103.00,103.80,102.15,102.30,216200,102.30
2011-12-05,104.20,104.50,102.00,102.50,181900,102.50
2011-12-02,102.80,104.00,102.15,103.55,516300,103.55
2011-12-01,101.85,104.55,101.20,103.00,652700,103.00
2011-11-30,103.00,103.00,98.75,99.30,134400,99.30
2011-11-29,105.80,105.80,100.15,100.45,165100,100.45
2011-11-28,100.40,102.40,100.40,102.10,228000,102.10
2011-11-25,99.00,100.35,97.50,99.95,240800,99.95
2011-11-24,95.85,100.55,93.85,99.60,302500,99.60
2011-11-23,98.90,98.90,95.10,95.60,352600,95.60
2011-11-22,98.50,99.90,97.30,99.65,328100,99.65
2011-11-21,98.10,100.60,96.10,98.30,303200,98.30
2011-11-18,98.00,100.90,95.20,100.35,542800,100.35
2011-11-17,101.00,101.65,98.00,98.05,458800,98.05
2011-11-16,101.05,101.80,99.05,101.50,382100,101.50
2011-11-15,105.65,105.65,100.60,100.95,377900,100.95
2011-11-14,105.20,106.50,103.90,104.70,423900,104.70
2011-11-11,102.95,106.00,101.80,105.50,748200,105.50
2011-11-09,106.00,107.50,102.40,102.60,356500,102.60
2011-11-08,106.30,106.85,105.00,105.75,279900,105.75
2011-11-04,105.50,107.10,105.15,106.05,420300,106.05
2011-11-03,106.55,108.20,102.80,104.40,921000,104.40
2011-11-02,104.30,107.90,104.30,107.00,362500,107.00
2011-11-01,107.20,109.35,105.50,106.90,448800,106.90
2011-10-31,111.00,111.90,107.65,108.40,988300,108.40
2011-10-28,105.55,110.20,105.05,109.65,842500,109.65
2011-10-26,104.05,104.05,102.15,102.75,48200,102.75
2011-10-25,100.95,103.80,99.55,103.55,328900,103.55
2011-10-24,105.00,106.00,99.50,100.50,489300,100.50
2011-10-21,103.50,104.00,101.30,101.80,184600,101.80
2011-10-20,104.35,104.35,102.10,102.30,89400,102.30
2011-10-19,103.20,105.00,102.20,104.75,267700,104.75
2011-10-18,101.85,102.50,100.55,100.90,99700,100.90
2011-10-17,105.00,105.70,102.90,103.00,111100,103.00
2011-10-14,103.90,105.00,102.50,104.70,133700,104.70
2011-10-13,104.40,105.50,103.10,103.50,319400,103.50
2011-10-12,100.95,104.15,100.75,104.10,345800,104.10
2011-10-11,102.60,103.50,100.00,100.35,146300,100.35
2011-10-10,100.85,101.95,100.10,100.75,166300,100.75
2011-10-07,100.55,102.00,98.60,100.00,293000,100.00
2011-10-05,98.10,99.80,96.00,96.80,274300,96.80
2011-10-04,99.00,101.70,96.50,97.40,277200,97.40
2011-10-03,101.30,103.00,99.50,100.00,187700,100.00
2011-09-30,101.10,104.50,99.00,103.50,269100,103.50
2011-09-29,101.15,104.65,100.00,103.30,434500,103.30
2011-09-28,100.30,104.55,100.15,100.65,291100,100.65
2011-09-27,101.00,104.00,101.00,103.95,243900,103.95
2011-09-26,101.05,101.05,97.80,100.05,206100,100.05
2011-09-23,98.50,101.95,96.40,100.25,333400,100.25
2011-09-22,104.90,104.90,100.20,100.20,231300,100.20
2011-09-21,103.50,106.40,103.50,106.10,383600,106.10
2011-09-20,101.10,104.30,101.10,103.95,278900,103.95
2011-09-19,101.50,104.45,101.50,102.10,272900,102.10
2011-09-16,105.35,105.95,103.60,104.20,732900,104.20
2011-09-15,102.80,105.35,102.10,105.25,411600,105.25
2011-09-14,101.55,103.00,100.15,102.95,423600,102.95
2011-09-13,101.00,103.75,99.50,100.90,335200,100.90
2011-09-12,104.55,105.25,99.55,100.00,293100,100.00
2011-09-09,108.40,109.50,104.80,106.00,704400,106.00
2011-09-08,105.50,108.90,105.30,107.45,746200,107.45
2011-09-07,104.90,106.40,104.85,105.75,363900,105.75
2011-09-06,102.30,103.75,100.55,103.00,240300,103.00
2011-09-05,102.05,103.40,101.50,102.25,244200,102.25
2011-09-02,102.05,104.90,99.40,104.60,1068600,104.60
2011-08-30,100.00,101.70,98.25,100.80,819700,100.80
2011-08-29,93.65,98.90,92.00,98.45,665500,98.45
2011-08-26,93.65,94.45,90.70,90.85,362700,90.85
2011-08-25,95.15,95.60,92.10,93.60,588900,93.60
2011-08-24,96.00,98.00,93.65,94.25,707700,94.25
2011-08-23,93.80,96.70,92.60,96.30,645700,96.30
2011-08-22,95.80,95.80,90.60,93.35,2030100,93.35
2011-08-19,96.45,100.95,93.80,95.25,1591600,95.25
2011-08-18,105.50,105.50,98.25,99.60,837800,99.60
2011-08-17,108.25,109.90,104.60,104.60,373800,104.60
2011-08-16,113.20,113.95,108.75,109.35,315800,109.35
2011-08-12,113.60,114.00,111.85,112.30,172200,112.30
2011-08-11,113.00,114.50,112.00,112.55,406300,112.55
2011-08-10,113.90,115.45,112.85,113.90,410800,113.90
2011-08-09,111.90,113.40,103.40,111.40,1818500,111.40
2011-08-08,113.40,116.50,111.05,114.05,987900,114.05
2011-08-05,114.00,115.70,111.05,115.10,431000,115.10
2011-08-04,116.80,118.40,115.40,116.20,152900,116.20
2011-08-03,115.05,117.40,115.00,116.80,310200,116.80
2011-08-02,119.85,119.90,116.10,117.00,372200,117.00
2011-08-01,120.00,121.65,119.55,119.75,253600,119.75
2011-07-29,117.00,122.85,115.45,119.80,1539500,119.80
2011-07-28,120.65,120.75,116.10,116.95,548500,116.95
2011-07-27,120.70,121.70,118.45,120.80,353600,120.80
2011-07-26,124.05,124.60,119.40,119.70,589800,119.70
2011-07-25,122.15,124.75,122.15,123.85,673300,123.85
2011-07-22,119.55,122.80,119.20,122.70,323100,122.70
2011-07-21,119.70,120.90,118.15,118.95,138800,118.95
2011-07-20,122.50,123.60,119.00,119.10,348600,119.10
2011-07-19,120.75,123.80,120.45,122.35,882100,122.35
2011-07-18,119.00,121.70,117.80,120.95,247200,120.95
2011-07-15,117.30,119.75,117.30,118.80,237300,118.80
2011-07-14,116.60,119.15,116.10,118.30,331200,118.30
2011-07-13,117.80,117.80,115.45,117.30,252300,117.30
2011-07-12,115.15,116.40,114.20,114.90,369900,114.90
2011-07-11,118.90,118.90,115.50,115.75,315300,115.75
2011-07-08,118.00,120.30,117.00,118.65,867200,118.65
2011-07-07,115.45,118.25,115.40,118.00,417400,118.00
2011-07-06,117.15,117.15,115.00,115.30,473300,115.30
2011-07-05,119.85,120.50,115.85,116.10,948500,116.10
2011-07-04,116.30,119.90,116.30,119.90,501800,119.90
2011-07-01,118.50,119.00,115.50,116.30,658300,116.30
2011-06-30,117.50,118.00,115.80,117.60,462000,117.60
2011-06-29,117.20,117.70,116.05,117.25,377300,117.25
2011-06-28,117.70,117.90,116.00,116.00,184200,116.00
2011-06-27,113.60,117.45,113.25,116.80,307100,116.80
2011-06-24,111.90,114.55,111.90,114.50,219300,114.50
2011-06-23,110.75,112.80,110.75,111.45,183800,111.45
2011-06-22,113.00,113.00,109.55,112.20,790700,112.20
2011-06-21,112.90,113.40,110.55,110.55,472600,110.55
2011-06-20,115.20,115.20,110.20,112.05,271100,112.05
2011-06-17,114.10,115.40,113.35,114.45,240000,114.45
2011-06-16,113.00,114.95,112.40,114.15,436100,114.15
2011-06-15,116.95,117.00,113.95,114.05,569900,114.05
2011-06-14,118.60,120.05,118.05,119.10,256700,115.40
2011-06-13,117.10,119.00,116.10,118.60,255600,114.92
2011-06-10,117.20,118.50,116.55,117.10,387700,113.46
2011-06-09,117.10,118.30,116.40,117.15,245400,113.51
2011-06-08,119.00,119.25,117.10,117.45,215400,113.80
2011-06-07,116.45,119.50,116.45,118.75,418800,115.06
2011-06-06,115.45,117.40,114.40,116.95,177000,113.32
2011-06-03,115.25,119.00,115.25,116.00,425800,112.40
2011-06-02,116.00,118.90,115.00,117.95,324700,114.29
2011-06-01,117.50,118.95,116.60,117.80,382400,114.14
2011-05-31,116.15,117.50,115.00,117.15,324600,113.51
2011-05-30,114.20,121.00,113.10,114.95,206100,111.38
2011-05-27,111.00,114.20,111.00,114.00,302500,110.46
2011-05-26,111.50,112.00,109.55,111.05,373300,107.60
2011-05-25,109.75,111.00,109.25,110.70,259400,107.26
2011-05-24,108.15,110.35,107.20,109.90,326600,106.49
2011-05-23,111.10,111.90,109.55,109.65,198700,106.24
2011-05-20,113.00,113.00,110.50,112.00,252200,108.52
2011-05-19,112.00,112.00,110.05,110.50,272500,107.07
2011-05-18,112.10,112.50,110.10,111.50,472700,108.04
2011-05-17,114.80,115.20,111.55,112.05,455700,108.57
2011-05-16,115.00,115.55,113.75,114.00,419700,110.46
2011-05-13,116.55,117.90,114.55,115.15,1422600,111.57
2011-05-12,113.50,116.90,111.20,116.40,1926500,112.78
2011-05-11,100.00,114.40,100.00,113.85,371400,110.31
2011-05-10,113.55,114.60,112.50,113.50,227800,109.97
2011-05-09,115.00,115.40,112.30,114.00,387000,110.46
2011-05-06,110.15,115.35,110.15,114.25,682000,110.70
2011-05-05,111.50,112.60,109.30,109.95,327600,106.53
2011-05-04,111.15,113.95,109.00,110.80,653800,107.36
2011-05-03,115.20,116.70,111.30,112.00,938300,108.52
2011-05-02,117.00,117.85,110.20,115.00,1080500,111.43
2011-04-29,120.20,120.20,115.55,116.55,979300,112.93
2011-04-28,125.00,125.50,118.70,119.10,1135000,115.40
2011-04-27,123.55,125.15,122.50,124.35,829200,120.49
2011-04-26,123.50,124.40,122.15,123.30,487100,119.47
2011-04-25,123.20,124.60,122.65,123.05,305700,119.23
2011-04-21,125.05,125.95,123.10,123.20,554700,119.37
2011-04-20,123.80,126.35,122.50,124.20,809100,120.34
2011-04-19,121.80,123.85,119.80,123.60,597800,119.76
2011-04-18,125.60,127.00,121.70,122.75,663700,118.94
2011-04-15,124.90,129.10,123.90,125.30,1245700,121.41
2011-04-13,120.00,125.50,120.00,125.00,1224400,121.12
2011-04-11,122.50,123.55,119.60,121.50,626400,117.73
2011-04-08,126.95,128.50,121.00,121.80,1195400,118.02
2011-04-07,127.50,129.00,126.05,126.40,875600,122.47
2011-04-06,130.00,131.70,127.00,127.50,1233200,123.54
2011-04-05,124.60,132.00,121.70,129.70,2507500,125.67
2011-04-04,122.55,125.40,122.00,124.15,785600,120.29
2011-04-01,122.95,123.00,119.55,122.10,1091900,118.31
2011-03-31,123.50,126.90,117.40,124.00,2247200,120.15
2011-03-30,121.05,124.55,120.10,124.00,1762700,120.15
2011-03-29,120.00,123.85,119.55,120.20,1430700,116.47
2011-03-28,116.20,121.70,115.80,119.50,1903100,115.79
2011-03-25,115.70,116.10,114.50,115.70,659000,112.11
2011-03-24,115.00,116.05,114.10,114.45,718200,110.89
2011-03-23,115.00,115.60,114.05,114.30,712700,110.75
2011-03-22,113.25,114.85,113.00,114.50,341000,110.94
2011-03-21,117.40,117.40,111.90,112.90,342700,109.39
2011-03-18,115.40,115.40,112.45,112.60,643100,109.10
2011-03-17,113.85,115.95,113.55,114.20,322000,110.65
2011-03-16,112.40,115.60,112.10,114.80,513700,111.23
2011-03-15,112.00,112.85,110.00,112.00,416200,108.52
2011-03-14,112.10,113.50,110.95,113.35,303000,109.83
2011-03-11,113.00,113.65,110.70,112.45,408900,108.96
2011-03-10,114.50,115.00,113.50,113.70,321500,110.17
2011-03-09,114.95,116.15,113.85,114.80,567000,111.23
2011-03-08,113.30,116.00,113.30,114.70,555900,111.14
2011-03-07,115.15,115.40,112.25,114.40,650500,110.85
2011-03-04,116.10,117.50,114.65,115.35,855900,111.77
2011-03-03,117.00,117.80,114.15,115.40,1195900,111.81
2011-03-01,114.95,118.35,114.85,117.00,964700,113.37
2011-02-28,113.95,118.00,113.30,114.25,1284700,110.70
2011-02-25,112.00,114.25,111.15,113.90,1206500,110.36
2011-02-24,112.45,113.00,109.10,112.05,1615200,108.57
2011-02-23,114.00,114.65,112.05,112.55,777100,109.05
2011-02-22,115.00,115.35,112.30,113.50,1154600,109.97
2011-02-21,112.55,116.00,109.10,115.95,1641900,112.35
2011-02-18,114.05,115.55,110.75,111.40,1260300,107.94
2011-02-17,111.90,114.05,111.70,113.80,851900,110.26
2011-02-16,110.10,112.60,110.10,111.60,706400,108.13
2011-02-15,111.05,113.40,108.40,112.20,1711500,108.71
2011-02-14,108.00,111.00,107.75,110.50,1073200,107.07
2011-02-11,102.50,107.75,100.60,107.50,1445800,104.16
2011-02-10,101.00,103.50,99.20,102.90,1547300,99.70
2011-02-09,103.95,106.00,100.30,101.95,2028300,98.78
2011-02-08,105.75,106.30,102.20,104.20,2155000,100.96
2011-02-07,108.10,109.80,104.50,105.60,1892900,102.32
2011-02-04,114.90,117.45,107.10,107.50,3267100,104.16
2011-02-03,107.05,114.00,106.10,113.80,2055900,110.26
2011-02-02,107.00,108.00,105.60,107.45,1160700,104.11
2011-02-01,107.40,108.50,105.00,105.40,1888700,102.13
2011-01-31,105.10,109.60,102.40,106.20,2168300,102.90
2011-01-28,103.90,107.80,102.25,107.50,2356700,104.16
2011-01-27,108.20,108.95,102.25,103.10,1921900,99.90
2011-01-25,109.15,109.90,106.00,108.05,2274600,104.69
2011-01-24,107.80,109.80,107.10,108.10,1733000,104.74
2011-01-21,104.50,108.20,103.00,107.05,1926400,103.72
2011-01-20,101.05,105.50,99.75,105.10,2788300,101.83
2011-01-19,100.45,102.95,100.00,101.90,1128700,98.73
2011-01-18,99.50,100.80,98.60,100.70,1606900,97.57
2011-01-17,103.55,103.55,97.75,98.00,2469400,94.96
2011-01-14,104.20,107.30,102.50,103.05,2427700,99.85
2011-01-13,106.00,108.00,103.80,104.85,3107200,101.59
2011-01-12,105.00,106.75,102.30,105.45,4652900,102.17
2011-01-11,105.00,107.00,100.10,105.20,4340800,101.93
2011-01-10,112.75,113.40,104.20,104.50,3005100,101.25
2011-01-07,115.05,116.50,112.00,112.20,2431400,108.71
2011-01-06,120.00,121.00,115.40,115.70,2557400,112.11
2011-01-05,123.50,125.00,119.10,119.45,1568200,115.74
2011-01-04,128.25,129.25,124.75,124.75,556700,120.87
2011-01-03,129.10,130.30,127.45,127.50,585300,123.54
2010-12-31,125.45,129.70,124.70,127.95,928500,123.98
2010-12-30,126.20,126.90,123.60,124.40,586100,120.54
2010-12-29,125.85,127.25,124.65,126.00,304900,122.09
2010-12-28,125.40,126.60,123.50,124.80,346300,120.92
2010-12-27,127.30,128.90,125.05,125.40,416400,121.50
2010-12-24,129.25,129.60,127.00,127.35,507200,123.39
2010-12-23,130.60,132.80,129.00,129.45,1265100,125.43
2010-12-22,124.90,130.90,124.10,129.10,1245300,125.09
2010-12-21,122.00,124.90,121.65,123.80,517400,119.95
2010-12-20,123.20,124.35,121.85,122.45,581800,118.65
2010-12-16,122.40,125.00,120.60,124.00,1377500,120.15
2010-12-15,127.00,127.00,120.20,121.00,1229300,117.24
2010-12-14,123.65,127.00,122.90,126.15,1365900,122.23
2010-12-13,121.00,124.45,117.00,124.40,2735400,120.54
2010-12-10,116.00,122.00,111.75,120.55,2014600,116.80
2010-12-09,123.70,123.70,113.10,116.00,2757200,112.40
2010-12-08,127.15,128.00,121.40,122.30,1473100,118.50
2010-12-07,133.00,133.00,127.10,128.75,1974900,124.75
2010-12-06,139.00,139.00,133.60,134.30,915200,130.13
2010-12-03,142.70,143.00,135.00,136.95,1539000,132.70
2010-12-02,144.00,145.90,141.95,142.20,1239400,137.78
2010-12-01,139.00,143.90,135.20,142.10,3071700,137.69
2010-11-30,136.00,139.90,130.30,137.85,2056600,133.57
2010-11-29,131.40,134.35,128.45,133.50,2797700,129.35
2010-11-26,129.55,131.50,115.00,128.60,4938100,124.60
2010-11-25,139.00,139.90,126.90,128.30,3500600,124.31
2010-11-24,142.00,145.80,133.70,136.90,2356200,132.65
2010-11-23,143.35,144.90,137.00,142.00,3056700,137.59
2010-11-22,142.10,147.95,140.00,144.90,3068500,140.40
2010-11-19,152.10,152.40,139.15,140.00,3238800,135.65
2010-11-18,156.30,159.30,146.95,151.00,5585500,146.31
2010-11-16,159.25,164.25,154.15,155.35,7723300,150.52
2010-11-15,148.05,160.45,142.50,158.90,4062600,153.96
2010-11-12,152.10,154.80,146.25,147.70,2952400,143.11
2010-11-11,148.75,153.45,147.70,151.65,2090400,146.94
2010-11-10,150.00,150.00,147.50,148.00,772700,143.40
2010-11-09,145.90,150.40,144.55,149.45,2223300,144.81
2010-11-08,149.00,149.00,144.10,145.50,1806100,140.98
2010-11-05,150.00,150.00,147.55,147.80,322100,143.21
2010-11-04,147.90,148.60,145.60,147.60,1459300,143.01
2010-11-03,143.90,148.35,140.20,145.50,2879400,140.98
2010-11-02,140.65,143.85,139.20,142.80,1381500,138.36
2010-11-01,141.50,143.50,139.30,141.95,2041500,137.54
2010-10-29,137.35,140.80,134.05,138.65,1983700,134.34
2010-10-28,144.05,144.50,136.10,139.50,2168700,135.17
2010-10-27,143.00,146.45,142.05,143.00,2786800,138.56
2010-10-26,142.00,143.45,139.30,142.70,1880600,138.27
2010-10-25,138.00,142.45,137.60,141.35,2295400,136.96
2010-10-22,137.10,138.90,134.70,137.30,1781300,133.03
2010-10-21,132.55,137.00,132.55,136.10,1691700,131.87
2010-10-20,131.50,133.85,129.00,132.25,850500,128.14
2010-10-19,133.00,135.40,130.70,130.90,929300,126.83
2010-10-18,133.65,135.20,127.65,132.15,983300,128.04
2010-10-15,135.80,137.65,133.00,133.10,1349900,128.97
2010-10-14,138.00,139.00,133.35,135.00,1999800,130.81
2010-10-13,130.10,138.25,130.10,136.60,4051300,132.36
2010-10-12,130.50,131.40,128.70,129.60,783300,125.57
2010-10-11,130.00,131.25,129.50,130.70,934300,126.64
2010-10-08,130.00,131.05,127.05,129.05,1108500,125.04
2010-10-07,131.90,132.60,128.00,129.20,1561800,125.19
2010-10-06,127.50,132.00,127.50,130.25,2341400,126.20
2010-10-05,126.00,129.10,125.00,127.90,3080000,123.93
2010-10-04,122.00,126.80,122.00,125.00,4140600,121.12
2010-10-01,115.00,122.00,115.00,121.30,2284600,117.53
2010-09-30,115.15,115.40,113.15,114.60,898000,111.04
2010-09-29,117.00,117.20,114.50,114.50,550200,110.94
2010-09-28,116.70,117.80,115.60,116.35,607100,112.74
2010-09-27,116.50,118.80,115.20,116.65,1462500,113.03
2010-09-24,113.10,115.95,112.20,115.30,751000,111.72
2010-09-23,113.60,115.00,112.55,113.00,685700,109.49
2010-09-22,114.20,114.65,112.70,114.05,809400,110.51
2010-09-21,117.00,117.00,112.85,113.60,1242200,110.07
2010-09-20,117.00,117.25,115.20,116.25,493400,112.64
2010-09-17,116.00,117.40,115.00,116.10,1144400,112.49
2010-09-16,114.60,118.90,114.40,115.35,1664700,111.77
2010-09-15,115.40,116.50,114.05,116.00,733100,112.40
2010-09-14,118.45,118.70,114.40,114.55,1771600,110.99
2010-09-13,117.40,118.65,116.60,117.10,1816300,113.46
2010-09-09,116.00,116.40,115.25,116.20,1327100,112.59
2010-09-08,113.60,116.25,111.00,114.70,929300,111.14
2010-09-07,116.25,116.70,113.15,113.70,902700,110.17
2010-09-06,116.00,117.40,115.60,116.00,774700,112.40
2010-09-03,116.00,116.50,113.85,115.30,1310200,111.72
2010-09-02,111.20,116.55,111.00,115.10,2726300,111.52
2010-09-01,108.75,110.95,108.00,110.75,861800,107.31
2010-08-31,108.95,109.60,106.05,108.00,793700,104.64
2010-08-30,112.15,112.15,107.10,108.40,1155200,105.03
2010-08-27,114.30,115.90,109.15,109.35,1366300,105.95
2010-08-26,114.75,115.75,112.00,113.95,3310300,110.41
2010-08-25,115.05,117.40,113.70,114.15,2014500,110.60
2010-08-24,119.50,120.30,116.70,117.00,1162700,113.37
2010-08-23,119.00,120.35,115.70,118.90,2190400,115.21
2010-08-20,116.20,119.15,116.20,117.85,776200,114.19
2010-08-19,120.80,122.10,117.35,118.95,2024100,115.25
2010-08-18,123.00,123.00,117.20,119.50,2599000,115.79
2010-08-17,112.20,121.60,112.10,121.30,4531700,117.53
2010-08-16,110.90,112.45,108.30,112.00,1178400,108.52
2010-08-13,108.50,110.90,108.50,109.75,1193000,106.34
2010-08-12,106.00,109.90,103.75,109.70,1504900,106.29
2010-08-11,108.30,108.30,106.00,106.25,287300,102.95
2010-08-10,107.00,109.40,106.40,107.55,1165900,104.21
2010-08-09,106.05,107.20,105.05,106.60,512800,103.29
2010-08-06,106.15,107.60,105.10,105.65,983800,102.37
2010-08-05,106.85,107.45,106.20,106.35,451000,103.05
2010-08-04,108.00,108.00,105.65,106.55,849600,103.24
2010-08-03,106.00,107.65,105.80,106.90,1735500,103.58
2010-08-02,105.00,106.15,104.50,105.75,866300,102.46
2010-07-30,102.50,106.40,101.65,104.50,2100500,101.25
2010-07-29,101.40,103.20,99.50,102.95,1229900,99.75
2010-07-28,103.85,104.25,100.55,100.65,607800,97.52
2010-07-27,102.00,103.95,101.40,103.35,484700,100.14
2010-07-26,105.75,105.75,101.70,101.80,687800,98.64
2010-07-23,105.00,107.10,103.00,105.00,1818700,101.74
2010-07-22,104.25,104.70,102.00,102.85,493300,99.65
2010-07-21,104.10,105.25,103.40,104.70,1122300,101.45
2010-07-20,103.50,105.20,103.25,103.45,2620300,100.24
2010-07-19,98.00,103.25,98.00,102.50,2684500,99.32
2010-07-16,98.35,99.60,98.35,98.60,619800,95.54
2010-07-15,97.80,100.80,97.05,98.35,984900,95.29
2010-07-14,99.00,99.50,97.15,97.35,452000,94.33
2010-07-13,98.60,99.00,98.00,98.50,1279200,95.44
2010-07-12,96.30,98.40,95.50,98.15,1045200,95.10
2010-07-09,94.80,97.10,94.55,96.30,1246100,93.31
2010-07-08,93.00,95.25,92.35,95.10,1428200,92.15
2010-07-07,92.85,92.90,91.85,92.15,227200,89.29
2010-07-06,91.15,92.75,91.00,92.35,421100,89.48
2010-07-05,91.25,91.90,90.80,91.25,139100,88.42
2010-07-02,92.80,92.80,91.05,91.05,234100,88.22
2010-07-01,91.75,92.75,91.55,91.75,489800,88.90
2010-06-30,90.25,92.50,90.25,91.80,517800,88.95
2010-06-29,91.70,96.45,90.75,91.30,513700,88.46
2010-06-28,91.00,91.95,90.30,91.90,282000,89.05
2010-06-25,92.80,92.80,90.70,91.00,267400,88.17
2010-06-24,93.45,93.90,91.10,91.70,1063200,88.85
2010-06-23,92.50,93.95,92.10,93.20,527100,90.30
2010-06-22,92.70,93.25,91.75,92.60,417900,89.72
2010-06-21,92.00,92.95,91.80,92.60,495000,89.72
2010-06-18,92.50,93.20,90.90,91.50,391300,88.66
2010-06-17,93.00,93.45,91.40,92.80,684500,89.92
2010-06-16,95.50,95.90,92.25,92.75,1025900,89.87
2010-06-15,96.00,97.70,94.75,96.90,1633400,90.98
2010-06-14,95.00,95.70,94.60,95.20,656200,89.39
2010-06-11,95.00,95.55,93.55,94.45,576100,88.68
2010-06-10,93.80,94.95,93.05,94.65,501600,88.87
2010-06-09,92.10,95.50,91.60,93.35,988300,87.65
2010-06-08,95.50,97.35,91.90,92.50,2113700,86.85
2010-06-07,94.95,96.00,92.10,94.90,1431400,89.10
2010-06-04,92.05,97.25,92.05,96.00,3838200,90.14
2010-06-03,91.50,93.30,91.20,92.10,452400,86.48
2010-06-02,90.80,91.20,89.10,91.10,404000,85.54
2010-06-01,92.00,92.90,89.55,89.80,372600,84.32
2010-05-31,90.00,92.50,89.25,92.50,532600,86.85
2010-05-28,89.05,89.90,87.90,89.90,384900,84.41
2010-05-27,86.00,88.95,85.10,88.50,937200,83.10
2010-05-26,86.40,86.60,85.05,86.00,291200,80.75
2010-05-25,87.00,87.45,84.10,85.15,405800,79.95
2010-05-24,88.00,89.70,86.60,86.85,302600,81.55
2010-05-21,87.50,88.80,86.00,88.00,417100,82.63
2010-05-20,87.55,89.30,87.35,88.95,281100,83.52
2010-05-19,89.65,91.00,87.50,87.90,475600,82.53
2010-05-18,90.35,91.75,89.65,90.00,408300,84.50
2010-05-17,87.20,91.80,87.20,91.50,485800,85.91
2010-05-14,91.30,91.30,88.40,88.70,353700,83.28
2010-05-13,92.60,92.65,89.95,90.05,414100,84.55
2010-05-12,90.00,93.00,88.65,91.80,837800,86.19
2010-05-11,91.00,91.40,88.60,88.70,333800,83.28
2010-05-10,90.00,91.45,89.30,91.05,433000,85.49
2010-05-07,91.00,91.00,87.10,88.30,631500,82.91
2010-05-06,92.90,93.20,89.55,91.50,951200,85.91
2010-05-05,88.55,92.90,85.75,92.55,2001400,86.90
2010-05-04,94.00,94.00,90.10,90.15,1168600,84.65
2010-05-03,92.90,94.50,91.20,93.40,771300,87.70
2010-04-30,93.80,95.60,92.90,92.90,1221300,87.23
2010-04-29,91.05,93.25,91.05,93.05,649800,87.37
2010-04-28,92.00,92.70,89.90,91.80,852400,86.19
2010-04-27,93.50,93.90,91.50,93.00,1869300,87.32
2010-04-26,91.30,93.15,90.35,92.65,2791500,86.99
2010-04-23,89.45,91.20,88.60,90.00,1508900,84.50
2010-04-22,87.65,90.35,87.00,88.80,1278500,83.38
2010-04-21,85.20,88.00,85.10,87.35,479700,82.02
2010-04-20,85.65,87.45,84.00,87.30,1046900,81.97
2010-04-19,83.20,85.75,82.75,85.15,302300,79.95
2010-04-16,85.50,86.45,84.75,85.70,311100,80.47
2010-04-15,86.90,87.60,85.60,86.00,291900,80.75
2010-04-13,88.80,88.80,86.25,86.55,379700,81.26
2010-04-12,89.50,89.50,88.00,88.00,192400,82.63
2010-04-09,89.30,89.95,88.20,89.30,358100,83.85
2010-04-08,90.25,91.40,88.20,88.45,460200,83.05
2010-04-07,92.00,93.20,89.55,91.10,1683800,85.54
2010-04-06,90.80,92.20,90.65,91.40,1978800,85.82
2010-04-05,86.50,90.45,86.50,90.20,787800,84.69
2010-04-01,85.50,87.50,85.30,86.60,237100,81.31
2010-03-31,86.60,87.15,85.55,86.15,201900,80.89
2010-03-30,87.50,88.75,86.00,86.55,203200,81.26
2010-03-29,85.00,88.00,84.50,88.00,378600,82.63
2010-03-26,84.00,85.00,83.50,85.00,207000,79.81
2010-03-25,85.00,86.30,82.35,83.00,1190900,77.93
2010-03-23,86.85,86.85,85.65,85.65,217100,80.42
2010-03-22,85.30,86.70,85.15,86.05,178800,80.80
2010-03-19,86.00,86.90,85.25,86.80,257500,81.50
2010-03-18,86.95,87.00,85.05,85.10,251500,79.90
2010-03-17,86.95,87.00,85.70,86.15,250000,80.89
2010-03-16,86.50,86.50,85.15,85.80,160600,80.56
2010-03-15,86.00,86.35,85.35,85.60,216700,80.37
2010-03-12,87.20,87.50,86.10,86.15,253700,80.89
2010-03-11,87.90,87.90,85.75,87.15,217000,81.83
2010-03-10,86.90,87.75,86.10,87.35,571100,82.02
2010-03-09,89.50,89.50,86.40,86.55,368800,81.26
2010-03-08,90.00,90.60,88.50,89.20,477300,83.75
2010-03-05,90.00,90.00,88.20,88.55,336400,83.14
2010-03-04,89.00,89.80,87.80,88.55,675300,83.14
2010-03-03,86.10,88.60,85.50,88.05,860000,82.67
2010-03-02,84.50,86.70,84.50,85.55,535700,80.33
2010-02-26,80.20,84.75,79.10,84.00,861600,78.87
2010-02-25,80.50,83.20,79.25,79.90,988800,75.02
2010-02-24,81.50,82.40,81.30,82.00,309200,76.99
2010-02-23,83.00,83.40,81.80,82.00,262200,76.99
2010-02-22,82.60,83.75,82.20,83.00,311800,77.93
2010-02-19,82.60,83.75,82.00,82.05,214400,77.04
2010-02-18,85.85,85.85,83.75,84.00,233700,78.87
2010-02-17,86.20,86.50,85.00,85.00,348400,79.81
2010-02-16,82.00,85.65,82.00,85.60,214200,80.37
2010-02-15,85.10,85.55,83.40,83.60,282300,78.50
2010-02-11,85.80,85.80,84.25,85.00,242800,79.81
2010-01-19,94.65,95.90,93.20,93.55,1110700,87.84
2010-01-18,92.30,94.50,92.30,94.40,1406200,88.64
2010-01-15,92.50,94.50,92.25,92.50,1296200,86.85
2010-01-14,93.50,94.25,92.00,92.50,523300,86.85
2010-01-13,90.70,93.40,90.70,93.00,444400,87.32
2010-01-12,95.50,95.50,92.00,92.20,606500,86.57
2010-01-11,90.20,96.80,90.20,95.20,785800,89.39
2010-01-08,96.70,97.40,95.40,95.55,824800,89.72
2010-01-07,97.30,97.90,95.70,96.10,923500,90.23
2010-01-06,96.00,98.20,95.50,96.80,2273700,90.89
2010-01-05,96.25,96.95,95.30,95.45,906600,89.62
2010-01-04,95.70,96.65,95.15,95.90,675200,90.04
2009-12-31,96.85,97.35,95.15,95.75,611000,89.90
2009-12-30,96.70,97.30,95.95,95.95,519700,90.09
2009-12-29,97.00,98.00,96.05,96.75,790800,90.84
2009-12-24,95.50,97.30,95.50,97.25,527600,91.31
2009-12-23,93.60,96.85,93.50,96.45,576500,90.56
2009-12-22,94.00,94.40,93.10,93.50,257800,87.79
2009-12-21,93.35,94.50,92.70,93.10,485000,87.41
2009-12-18,95.00,95.50,92.75,92.80,827500,87.13
2009-12-17,93.00,96.30,92.15,95.30,1027300,89.48
2009-12-16,92.50,93.75,90.60,92.75,771600,87.09
2009-12-15,96.40,96.40,91.10,91.80,785400,86.19
2009-12-14,97.00,97.00,94.10,94.90,973100,89.10
2009-12-11,98.10,98.90,95.30,96.50,1178600,90.61
2009-12-10,96.00,98.90,95.00,97.70,1399400,91.73
2009-12-09,95.05,97.15,94.20,94.30,1167400,88.54
2009-12-08,95.20,96.50,92.25,96.10,1399600,90.23
2009-12-07,96.75,97.75,95.00,95.20,782900,89.39
2009-12-04,95.25,98.90,95.25,97.00,1035500,91.08
2009-12-03,100.40,113.00,96.85,97.00,2880100,91.08
2009-12-02,94.60,99.70,94.05,99.20,3380800,93.14
2009-12-01,91.00,94.55,90.50,93.60,1333800,87.88
2009-11-30,90.50,92.20,89.10,90.40,881900,84.88
2009-11-27,89.50,90.60,85.55,89.10,1660100,83.66
2009-11-26,94.00,95.60,90.25,90.50,1781000,84.97
2009-11-25,95.65,97.30,94.25,94.80,1058400,89.01
2009-11-24,94.05,98.20,93.55,95.05,2912800,89.25
2009-11-23,96.05,98.90,93.10,93.80,1394800,88.07
2009-11-20,88.90,98.15,87.10,97.40,2467200,91.45
2009-11-19,91.25,92.50,88.10,88.60,763700,83.19
2009-11-18,90.00,91.50,89.70,91.15,611800,85.58
2009-11-17,89.50,90.25,87.65,90.00,390800,84.50
2009-11-16,89.80,90.75,89.10,89.55,377900,84.08
2009-11-13,88.00,90.20,88.00,88.60,559500,83.19
2009-11-12,90.85,92.40,88.15,88.65,787700,83.24
2009-11-11,88.95,91.10,87.50,90.60,918100,85.07
2009-11-10,90.75,92.95,87.50,87.85,2450600,82.49
2009-11-09,85.60,89.90,85.05,89.20,1850000,83.75
2009-11-06,85.50,87.95,84.80,85.10,949200,79.90
2009-11-05,80.50,85.95,78.60,84.30,1811500,79.15
2009-11-04,78.50,80.35,78.15,79.95,1007600,75.07
2009-11-03,85.00,85.60,76.55,77.30,1464700,72.58
2009-10-30,90.10,91.80,86.00,86.20,997600,80.94
2009-10-29,91.75,93.95,87.00,87.50,1675200,82.16
2009-10-28,90.00,94.80,87.10,94.40,1647200,88.64
2009-10-27,91.00,98.00,90.00,91.20,1471900,85.63
2009-10-26,100.10,100.90,95.60,96.70,1192500,90.80
2009-10-23,100.10,103.50,99.05,99.35,1547600,93.28
2009-10-22,99.50,103.70,97.50,99.05,2075500,93.00
2009-10-21,103.85,104.35,99.90,100.60,1437500,94.46
2009-10-20,100.95,105.70,100.50,103.90,3248800,97.56
2009-10-16,97.50,101.70,97.20,100.80,2496400,94.64
2009-10-15,97.50,99.50,96.25,97.30,1657900,91.36
2009-10-14,96.05,97.80,96.00,96.95,1421600,91.03
2009-10-12,91.80,97.30,91.65,96.10,3279600,90.23
2009-10-09,92.70,93.50,91.05,91.60,649500,86.01
2009-10-08,92.25,93.35,91.35,92.80,1058900,87.13
2009-10-07,92.40,93.70,90.95,91.30,1695200,85.72
2009-10-06,88.75,91.40,85.00,90.80,1699300,85.26
2009-10-05,91.50,91.50,87.35,87.45,694200,82.11
2009-10-01,93.40,93.50,90.50,90.70,735100,85.16
2009-09-30,90.05,93.90,90.00,93.35,1565400,87.65
2009-09-29,93.00,93.45,90.10,90.50,1251600,84.97
2009-09-25,91.00,95.70,91.00,92.25,2863800,86.62
2009-09-24,87.25,93.55,87.00,92.65,3235400,86.99
2009-09-23,88.00,91.65,87.60,89.20,2009900,83.75
2009-09-22,87.50,89.20,87.00,88.30,606800,82.91
2009-09-18,85.00,88.80,84.00,87.60,713700,82.25
2009-09-17,88.00,91.30,86.00,87.80,2239400,82.44
2009-09-16,89.90,90.35,87.65,88.40,1972000,83.00
2009-09-15,84.00,89.50,84.00,88.85,3336500,83.42
2009-09-14,84.40,85.85,83.95,85.10,2154300,79.90
2009-09-11,81.00,84.35,80.40,84.05,1858100,78.92
2009-09-10,82.60,83.50,80.10,80.35,707300,75.44
2009-09-09,81.20,82.80,80.70,81.90,526400,76.90
2009-09-08,82.00,82.40,80.90,81.30,274400,76.34
2009-09-07,81.60,81.85,80.90,81.20,275000,76.24
2009-09-04,80.40,81.65,79.50,80.20,476500,75.30
2009-09-03,79.25,81.00,78.90,79.85,238100,74.97
2009-09-02,77.00,79.75,77.00,79.75,194900,74.88
2009-09-01,80.10,80.70,78.10,78.45,331500,73.66
2009-08-31,79.95,80.50,79.10,79.40,156000,74.55
2009-08-28,78.90,80.50,78.50,80.25,263000,75.35
2009-08-27,79.00,80.30,78.40,78.45,307600,73.66
2009-08-26,79.10,80.30,78.70,79.80,400800,74.93
2009-08-25,78.50,79.85,77.50,79.10,311700,74.27
2009-08-24,78.85,79.90,78.05,79.25,396900,74.41
2009-08-17,82.40,82.40,76.60,76.65,561000,71.97
2009-08-14,83.10,85.60,82.10,82.10,1871800,77.09
2009-08-13,79.00,83.90,78.50,83.90,366300,78.78
2009-08-12,78.55,78.90,77.00,78.30,276800,73.52
2009-08-11,79.00,79.50,77.75,78.20,182700,73.42
2009-08-10,78.90,81.25,77.55,79.60,426800,74.74
2009-08-07,79.75,80.00,75.05,79.00,354900,74.18
2009-08-06,82.25,83.00,79.65,79.90,295500,75.02
2009-08-05,83.00,83.25,81.30,81.55,167100,76.57
2009-08-04,84.40,84.50,82.15,83.15,374900,78.07
2009-08-03,84.00,84.90,83.00,83.00,995100,77.93
2009-07-31,81.70,85.00,80.90,83.65,2588300,78.54
2009-07-30,79.50,81.50,78.50,80.30,864300,75.40
2009-07-29,80.25,80.25,78.00,79.40,365200,74.55
2009-07-28,81.85,81.85,79.00,80.00,606200,75.11
2009-07-27,79.00,80.60,78.00,80.00,709700,75.11
2009-07-24,76.55,79.20,75.60,78.35,804000,73.57
2009-07-23,75.50,76.80,74.00,76.50,464800,71.83
2009-07-22,75.90,77.00,73.55,74.25,470100,69.72
2009-07-21,76.15,77.40,74.90,75.30,376900,70.70
2009-07-20,73.75,76.70,73.65,76.20,775300,71.55
2009-07-17,73.10,74.30,72.70,73.55,402400,69.06
2009-07-16,74.00,74.95,72.05,72.75,824000,68.31
2009-07-15,68.60,72.95,67.70,72.50,447300,68.07
2009-07-14,66.40,68.80,65.20,68.60,221100,64.41
2009-07-13,66.00,66.20,64.00,64.95,250600,60.98
2009-07-10,67.50,69.00,66.00,66.05,310200,62.02
2009-07-09,67.80,68.70,67.00,67.05,260200,62.96
2009-07-08,67.90,71.50,67.00,67.85,375700,63.71
2009-07-07,69.00,70.00,66.70,70.00,529800,65.73
2009-07-06,74.40,74.50,67.55,69.00,689700,64.79
2009-07-03,72.10,73.00,72.05,72.75,210800,68.31
2009-07-02,72.40,73.60,71.00,72.75,431400,68.31
2009-07-01,72.40,72.60,70.35,71.95,228500,67.56
2009-06-30,75.00,75.10,70.50,71.25,484800,66.90
2009-06-29,73.10,74.90,72.70,74.25,719300,69.72
2009-06-26,69.00,73.00,69.00,72.90,1078600,68.45
2009-06-25,72.00,72.00,68.60,69.30,826100,65.07
2009-06-24,72.50,72.50,70.50,71.30,249900,66.95
2009-06-23,71.50,71.50,68.65,70.60,674300,66.29
2009-06-22,72.00,73.65,71.40,72.00,518000,67.60
2009-06-19,71.25,72.65,69.00,71.30,462900,66.95
2009-06-18,72.00,73.50,68.60,70.70,547600,66.38
2009-06-17,75.50,76.50,71.40,71.80,527400,67.42
2009-06-16,74.25,77.00,73.00,8.95,759000,7.00
2009-06-15,74.00,75.15,70.40,74.90,588500,58.54
2009-06-12,76.30,77.20,71.80,72.85,689700,56.94
2009-06-11,74.85,77.00,74.85,75.95,610600,59.36
2009-06-10,79.00,80.45,76.20,77.00,721800,60.18
2009-06-09,75.45,78.80,73.20,78.35,624600,61.24
2009-06-08,83.00,84.00,75.05,75.30,722200,58.85
2009-06-05,87.00,90.00,81.30,82.15,2160500,64.21
2009-06-04,82.00,84.10,80.50,83.45,882400,65.22
2009-06-03,83.50,84.60,81.80,81.80,2208300,63.93
2009-06-02,80.50,82.55,77.70,82.00,1601100,64.09
2009-06-01,80.90,81.25,78.10,79.85,1257000,62.41
2009-05-29,80.40,82.50,78.30,78.60,1503600,61.43
2009-05-28,76.00,81.35,75.25,79.20,2273200,61.90
2009-05-27,74.00,77.80,74.00,75.90,1103500,59.32
2009-05-26,76.50,77.50,72.50,73.35,881500,57.33
2009-05-25,77.00,80.00,75.10,75.90,1593100,59.32
2009-05-22,73.85,77.25,72.10,75.55,879100,59.05
2009-05-21,75.00,79.35,72.55,74.20,1128900,57.99
2009-05-20,70.50,76.00,70.50,73.90,1304000,57.76
2009-05-19,73.95,73.95,61.00,70.15,1740300,54.83
2009-05-18,67.10,72.70,67.10,69.85,3000,54.59
2009-05-15,62.00,64.70,61.00,61.20,1874600,47.83
2009-05-14,57.15,62.90,55.50,61.50,835200,48.07
2009-05-13,57.15,57.95,56.60,57.15,164000,44.67
2009-05-12,56.00,57.25,55.85,57.10,151600,44.63
2009-05-11,57.50,57.95,55.65,56.35,211400,44.04
2009-05-08,57.05,58.00,56.00,57.40,425500,44.86
2009-05-07,56.45,57.45,56.00,57.25,611100,44.75
2009-05-06,58.00,60.00,54.05,55.00,431900,42.99
2009-05-05,58.50,59.80,58.10,58.50,271900,45.72
2009-05-04,58.50,58.65,57.55,58.10,514300,45.41
2009-04-29,58.10,58.80,56.75,57.00,826300,44.55
2009-04-28,58.50,58.90,55.90,56.10,800700,43.85
2009-04-27,57.00,58.95,56.20,57.75,245400,45.14
2009-04-24,57.40,58.00,55.00,56.80,211500,44.39
2009-04-23,57.40,57.65,54.75,57.30,214800,44.78
2009-04-22,57.55,58.60,54.80,56.70,217300,44.32
2009-04-21,56.50,57.95,56.00,57.80,357900,45.17
2009-04-20,57.60,59.35,56.15,57.50,486300,44.94
2009-04-17,58.10,62.50,55.95,8.95,810000,5.82
2009-04-16,60.55,62.70,57.50,57.65,511600,37.51
2009-04-15,56.85,60.00,56.85,59.85,436900,38.94
2009-04-13,55.55,57.95,54.50,57.80,637300,37.60
2009-04-09,55.05,55.70,53.25,53.90,276100,35.07
2009-04-08,52.80,55.00,50.30,54.05,350600,35.16
2009-04-06,52.90,57.00,52.80,53.15,421600,34.58
2009-04-02,49.10,51.90,49.10,51.00,684500,33.18
2009-04-01,48.50,49.40,47.35,48.90,191700,31.81
2009-03-31,48.50,48.75,45.75,48.20,626200,31.36
2009-03-30,49.40,49.40,47.25,47.50,337400,30.90
2009-03-27,50.75,51.50,49.00,49.50,611600,32.20
2009-03-26,48.95,50.60,47.85,49.80,914400,32.40
2009-03-25,48.60,49.30,47.70,48.85,234700,31.78
2009-03-24,48.95,50.35,48.05,48.25,426100,31.39
2009-03-23,46.50,48.30,45.00,48.25,462500,31.39
2009-03-20,46.00,46.45,45.50,45.65,186400,29.70
2009-03-19,46.30,46.85,45.20,46.30,253200,30.12
2009-03-18,46.50,47.70,45.65,45.90,403600,29.86
2009-03-17,45.45,46.80,44.70,46.00,1126300,29.93
2009-03-16,41.50,44.25,40.90,44.05,1063500,28.66
2009-03-13,38.35,40.70,38.35,40.65,756600,26.45
2009-03-12,41.45,41.90,37.50,38.30,1909600,24.92
2009-03-09,40.50,40.90,40.00,40.05,465100,26.06
2009-03-06,41.25,41.60,40.00,40.40,627900,26.28
2009-03-05,41.75,43.10,40.90,40.90,839600,26.61
2009-03-04,41.90,42.90,41.05,41.35,1057000,26.90
2009-03-03,41.50,42.70,40.50,40.70,1756300,26.48
2009-03-02,48.00,48.30,41.50,41.65,2944500,27.10
2009-02-27,48.95,49.95,47.60,48.50,1201700,31.55
2009-02-26,51.80,51.80,47.60,49.00,2352400,31.88
2009-02-25,53.10,54.90,50.65,51.45,1983500,33.47
2009-02-24,60.55,60.55,51.80,52.15,2192900,33.93
2009-02-20,62.75,62.90,60.75,60.75,138400,39.52
2009-02-19,61.10,63.90,61.05,63.90,341800,41.57
2009-02-18,62.00,62.75,60.75,62.55,348500,40.69
2009-02-17,63.50,63.50,61.45,62.05,265600,40.37
2009-02-16,63.85,64.85,63.25,63.40,1022000,41.25
2009-02-13,64.00,65.00,63.75,64.30,143200,41.83
2009-02-12,64.00,64.55,63.25,64.00,87200,41.64
2009-02-11,63.10,64.00,63.00,64.00,102800,41.64
2009-02-10,64.00,64.45,63.90,64.25,206200,41.80
2009-02-09,63.00,64.10,60.75,63.85,168200,41.54
2009-02-06,62.20,63.95,61.95,62.70,275200,40.79
2009-02-05,62.20,64.35,60.60,62.05,482700,40.37
2009-02-04,61.80,61.80,60.50,61.20,87400,39.82
2009-02-03,61.50,61.75,60.25,61.00,57400,39.69
2009-02-02,61.30,61.80,60.60,61.05,70400,39.72
2009-01-30,61.40,63.00,60.60,61.20,251300,39.82
2009-01-29,60.75,64.00,59.65,64.00,997300,41.64
2009-01-28,61.10,61.10,60.00,60.50,337600,39.36
2009-01-27,61.50,65.05,60.30,60.95,358100,39.65
2009-01-23,61.95,62.30,59.10,61.85,932900,40.24
2009-01-22,63.20,63.80,61.25,61.25,86000,39.85
2009-01-21,62.00,63.90,62.00,63.00,155100,40.99
2009-01-20,62.30,63.70,62.30,63.50,72500,41.31
2009-01-19,62.00,64.10,61.45,63.80,99700,41.51
2009-01-16,61.75,63.10,60.80,62.20,218800,40.47
2009-01-15,60.00,61.85,58.55,60.80,204100,39.56
2009-01-14,61.50,62.40,59.85,61.50,100100,40.01
2009-01-13,60.75,61.75,60.00,60.35,154400,39.26
2009-01-12,61.50,61.85,53.15,61.05,513700,39.72
2009-01-09,64.90,64.90,60.75,61.80,696300,40.21
2009-01-07,65.60,65.60,62.00,63.00,976100,40.99
2009-01-06,62.00,67.10,62.00,63.85,318500,41.54
2009-01-05,68.00,69.20,65.75,66.00,1033600,42.94
2009-01-02,64.50,65.95,63.50,65.75,454300,42.78
2009-01-01,64.00,64.25,62.75,64.00,99500,41.64
2008-12-31,64.00,64.40,62.50,62.90,170200,40.92
2008-12-30,62.50,63.40,61.85,62.65,88400,40.76
2008-12-29,61.00,62.90,61.00,62.50,64700,40.66
2008-12-26,62.95,63.80,61.80,62.00,107100,40.34
2008-12-24,61.45,63.45,61.10,63.00,185700,40.99
2008-12-23,62.50,63.00,61.70,61.90,190700,40.27
2008-12-22,61.80,63.80,61.75,62.20,169600,40.47
2008-12-19,62.00,63.30,61.50,62.20,271000,40.47
2008-12-18,59.95,62.80,59.20,62.00,530500,40.34
2008-12-17,64.40,64.40,59.10,59.30,156600,38.58
2008-12-16,60.60,63.50,59.55,62.10,655000,40.40
2008-12-15,58.60,61.90,58.60,61.85,350900,40.24
2008-12-12,57.25,58.50,57.05,57.80,138900,37.60
2008-12-11,58.00,59.00,57.35,58.50,157100,38.06
2008-12-10,57.90,57.90,56.10,57.90,184600,37.67
2008-12-08,59.60,59.90,56.60,56.60,83400,36.82
2008-12-05,59.90,60.40,56.65,57.25,108800,37.25
2008-12-04,56.50,58.40,55.60,57.70,216200,37.54
2008-12-03,53.80,55.80,52.80,55.70,154600,36.24
2008-12-02,52.20,54.45,52.05,54.45,57100,35.42
2008-12-01,53.40,55.20,53.40,54.30,132100,35.33
2008-11-28,50.75,54.25,50.75,54.25,205200,35.29
2008-11-26,51.00,53.00,51.00,52.90,197500,34.42
2008-11-25,52.20,53.30,51.25,51.60,64500,33.57
2008-11-24,51.25,52.20,50.05,51.55,143800,33.54
2008-11-21,48.70,51.95,48.70,51.60,326600,33.57
2008-11-20,50.00,50.50,48.50,50.05,145500,32.56
2008-11-19,52.00,52.80,50.70,51.00,604800,33.18
2008-11-18,51.10,53.40,50.85,51.00,300200,33.18
2008-11-17,54.40,54.40,51.40,52.80,563900,34.35
2008-11-14,54.10,54.80,52.00,53.00,317500,34.48
2008-11-12,55.00,55.40,51.50,52.50,727500,34.16
2008-11-11,54.50,55.20,53.50,54.60,1222100,35.52
2008-11-10,55.00,55.40,54.00,54.50,285600,35.46
2008-11-07,51.90,55.00,51.90,55.00,382000,35.78
2008-11-06,52.50,54.50,50.50,52.75,419000,34.32
2008-11-05,55.45,55.45,52.00,54.20,1193100,35.26
2008-11-04,51.90,53.95,50.20,53.40,921200,34.74
2008-11-03,52.10,53.00,50.80,51.80,525400,33.70
2008-10-31,52.40,52.40,47.80,49.60,996300,32.27
2008-10-29,51.50,52.90,49.50,50.50,1186200,32.85
2008-10-28,52.00,54.00,49.50,50.00,77600,32.53
2008-10-27,50.00,56.00,47.40,48.50,704600,31.55
2008-10-24,59.15,60.40,53.05,55.10,633900,35.85
2008-10-23,61.00,62.00,56.00,60.90,355400,39.62
2008-10-22,62.00,63.20,61.40,61.85,258400,40.24
2008-10-21,60.90,63.00,60.40,62.80,288300,40.86
2008-10-20,63.00,63.00,59.40,60.95,287500,39.65
2008-10-17,60.65,61.30,58.00,60.20,426400,39.17
2008-10-16,57.10,60.70,56.55,60.40,1221200,39.30
2008-10-15,58.20,60.50,57.50,59.70,747500,38.84
2008-10-14,59.70,60.70,58.75,58.80,404400,38.25
2008-10-13,60.30,60.30,57.30,58.00,558600,37.73
2008-10-10,54.90,59.50,52.50,57.00,1147300,37.08
2008-10-08,59.05,61.00,56.75,58.50,725500,38.06
2008-10-07,63.60,64.25,61.20,62.95,3073700,40.95
2008-10-06,62.40,63.70,61.00,61.50,720400,40.01
2008-10-03,64.00,65.00,63.80,64.10,697100,41.70
2008-10-01,65.55,65.95,64.20,64.40,612000,41.90
2008-09-30,63.60,66.00,61.00,65.15,1580800,42.39
2008-09-29,67.30,67.30,63.25,65.60,1834200,42.68
2008-09-26,66.00,67.75,65.85,66.55,2086800,43.30
2008-09-25,65.00,67.60,65.00,65.95,2255000,42.91
2008-09-24,67.00,69.50,65.35,66.00,2015300,42.94
2008-09-23,62.75,67.50,62.75,66.50,1308900,43.26
2008-09-22,64.90,65.00,63.60,63.95,693800,41.60
2008-09-19,64.00,64.80,62.70,64.20,421300,41.77
2008-09-18,58.50,62.80,57.10,62.60,432600,40.73
2008-09-17,63.80,64.00,60.85,61.50,634900,40.01
2008-09-16,59.25,64.45,59.25,63.80,829500,41.51
2008-09-15,60.25,61.95,58.80,60.75,329700,39.52
2008-09-12,63.45,63.45,62.55,62.70,766000,40.79
2008-09-11,63.00,63.75,62.40,62.95,1214800,40.95
2008-09-10,63.40,64.25,62.35,63.20,257400,41.12
2008-09-09,63.50,64.75,63.00,63.20,374700,41.12
2008-09-08,64.40,65.25,63.40,64.00,1017400,41.64
2008-09-05,63.05,64.00,62.00,63.25,499300,41.15
2008-09-04,63.00,64.50,62.25,64.10,359700,41.70
2008-09-02,63.60,64.80,63.50,64.10,951500,41.70
2008-09-01,58.05,63.10,58.05,62.85,856700,40.89
2008-08-29,57.20,59.70,57.00,59.50,478800,38.71
2008-08-28,57.15,57.60,55.80,56.85,492400,36.99
2008-08-27,57.90,57.90,56.75,57.15,139800,37.18
2008-08-26,57.00,57.80,56.75,57.55,190500,37.44
2008-08-25,58.00,58.00,57.25,57.85,409100,37.64
2008-08-22,57.45,58.00,56.40,57.50,362100,37.41
2008-08-21,59.85,59.85,57.70,57.95,382500,37.70
2008-08-20,58.05,60.75,58.00,58.50,186500,38.06
2008-08-19,57.75,58.75,57.50,58.50,189800,38.06
2008-08-18,58.00,58.85,57.75,58.70,320900,38.19
2008-08-14,60.00,60.50,58.35,58.90,455700,38.32
2008-08-13,59.95,61.10,59.95,60.55,371200,39.39
2008-08-12,61.00,61.45,60.15,60.65,487900,39.46
2008-08-11,61.10,61.70,60.30,60.90,720700,39.62
2008-08-08,59.75,60.70,58.65,60.45,365900,39.33
2008-08-07,58.50,60.20,58.20,59.95,422000,39.00
2008-08-06,61.50,61.95,58.30,58.50,719900,38.06
2008-08-05,56.60,60.90,56.60,60.35,1473700,39.26
2008-08-04,55.00,58.25,55.00,57.75,600200,37.57
2008-08-01,52.00,56.25,51.05,56.05,585200,36.47
2008-07-31,54.50,55.40,52.30,52.85,596200,34.38
2008-07-30,54.00,55.10,51.60,54.10,682700,35.20
2008-07-29,57.40,58.50,52.80,54.90,1128800,35.72
2008-07-28,57.50,59.25,56.50,57.25,687900,37.25
2008-07-25,55.80,59.35,55.20,58.00,608300,37.73
2008-07-24,59.00,60.50,56.80,57.45,1039000,37.38
2008-07-23,55.55,59.00,55.55,59.00,2511000,38.38
2008-07-22,53.00,54.60,52.30,53.00,450900,34.48
2008-07-21,53.00,53.70,51.15,52.45,432800,34.12
2008-07-18,51.45,52.55,50.00,52.20,458700,33.96
2008-07-17,49.90,51.90,49.15,50.90,343800,33.11
2008-07-16,49.05,49.90,48.15,49.00,230600,31.88
2008-07-15,49.10,50.15,48.55,48.65,376700,31.65
2008-07-14,50.00,51.10,49.50,50.35,343600,32.76
2008-07-11,52.90,53.40,49.90,50.40,581700,32.79
2008-07-10,50.90,52.75,50.50,52.40,622500,34.09
2008-07-09,50.00,51.60,50.00,51.40,610800,33.44
2008-07-08,47.10,49.40,47.00,49.25,422600,32.04
2008-07-07,48.65,49.90,47.75,48.00,534400,31.23
2008-07-04,47.90,48.80,46.75,47.75,839600,31.07
2008-07-03,51.55,51.55,47.10,47.10,1055100,30.64
2008-07-02,48.20,52.10,46.50,50.60,571600,32.92
2008-07-01,52.80,52.85,48.05,48.50,291900,31.55
2008-06-30,53.00,53.60,50.75,51.00,340400,33.18
2008-06-27,51.10,54.50,51.05,52.40,783700,34.09
2008-06-26,53.75,55.15,52.20,53.25,1091100,34.64
2008-06-25,53.90,56.25,53.05,53.60,925200,34.87
2008-06-24,56.30,58.35,54.60,54.70,539600,35.59
2008-06-23,60.05,61.00,57.05,57.05,698500,37.12
2008-06-20,63.30,64.00,60.60,61.00,535700,39.69
2008-06-19,64.00,64.50,63.00,63.75,341500,41.47
2008-06-18,65.30,65.30,63.00,64.80,1590500,42.16
2008-06-17,60.00,64.90,59.50,64.80,953400,42.16
2008-06-16,60.00,60.70,59.50,60.00,269900,39.03
2008-06-13,60.75,60.75,58.55,58.80,424000,38.25
2008-06-12,59.95,60.30,58.00,60.25,920300,38.35
2008-06-11,60.00,60.45,59.20,59.70,1201600,38.00
2008-06-10,60.25,61.80,58.25,60.00,364800,38.19
2008-06-06,62.55,63.85,61.50,61.95,798000,39.43
2008-06-05,65.00,65.00,61.50,62.00,703200,39.47
2008-06-04,67.45,67.45,63.30,64.45,581200,41.03
2008-06-03,67.15,67.50,65.10,66.50,959300,42.33
2008-06-02,69.30,70.75,66.00,66.50,414600,42.33
2008-05-30,71.00,71.00,69.40,69.80,251800,44.43
2008-05-29,71.00,71.00,69.20,70.35,1401100,44.78
2008-05-28,71.75,72.90,68.70,70.00,1664500,44.56
2008-05-27,72.30,73.90,70.10,70.80,1055600,45.07
2008-05-26,70.70,74.60,70.70,72.00,1226500,45.83
2008-05-23,74.95,75.90,74.05,74.50,632100,47.42
2008-05-22,76.05,77.20,73.55,74.75,4456800,47.58
2008-05-21,76.05,77.60,75.55,77.40,232900,49.27
2008-05-20,77.90,77.95,76.05,77.60,274800,49.40
2008-05-16,77.85,78.25,76.65,77.55,405100,49.36
2008-05-15,76.00,77.95,75.15,77.50,1078300,49.33
2008-05-14,75.90,76.00,74.75,75.45,1011500,48.03
2008-05-13,74.95,76.60,74.40,74.75,467200,47.58
2008-05-12,75.25,75.90,73.25,74.20,507600,47.23
2008-05-09,76.10,77.75,75.60,76.00,243800,48.38
2008-05-08,77.95,77.95,75.00,77.75,494200,49.49
2008-05-07,79.55,80.40,76.55,77.15,533900,49.11
2008-05-06,79.40,79.50,77.20,78.00,627500,49.65
2008-05-05,76.90,79.65,76.90,78.65,1571400,50.06
2008-05-02,75.95,77.45,75.65,76.90,508800,48.95
2008-04-30,78.00,78.70,73.80,74.80,1530100,47.61
2008-04-29,77.00,79.50,76.25,76.70,1250000,48.82
2008-04-28,78.50,78.50,76.55,77.10,209400,49.08
2008-04-25,76.00,78.20,75.20,77.40,501800,49.27
2008-04-24,77.00,77.30,75.25,75.95,967200,48.35
2008-04-23,78.40,78.40,75.90,76.30,797500,48.57
2008-04-22,76.40,79.60,76.25,77.50,1045600,49.33
2008-04-21,74.95,78.40,73.80,78.25,1322600,49.81
2008-04-17,74.50,75.90,73.30,75.75,1199400,48.22
2008-04-16,73.45,74.65,72.60,72.95,1213200,46.44
2008-04-15,72.05,73.50,71.80,73.10,351500,46.53
2008-04-11,72.95,73.35,72.55,73.15,249700,46.56
2008-04-10,72.95,73.85,72.20,72.60,559100,46.21
2008-04-09,72.70,73.50,72.10,73.00,498600,46.47
2008-04-08,73.80,73.80,72.10,72.70,877500,46.28
2008-04-07,74.40,74.70,72.55,73.25,1170600,46.63
2008-04-04,76.45,76.45,73.60,74.10,221500,47.17
2008-04-03,76.45,76.60,75.00,76.10,159000,48.44
2008-04-02,77.00,77.90,75.05,75.05,213400,47.77
2008-04-01,76.85,77.20,74.50,74.85,238100,47.65
2008-03-31,78.50,78.50,74.30,74.85,480800,47.65
2008-03-28,79.00,79.40,77.00,79.10,464400,50.35
2008-03-27,78.00,80.75,77.20,78.15,1950900,48.79
2008-03-26,81.10,82.00,77.60,79.20,479700,49.45
2008-03-25,73.50,80.95,73.50,80.20,797600,50.07
2008-03-19,74.30,75.00,71.00,71.70,605600,44.76
2008-03-18,73.00,75.70,70.50,71.20,846200,44.45
2008-03-14,76.00,76.90,74.05,76.15,531500,47.54
2008-03-13,78.00,78.00,73.30,74.20,1187300,46.33
2008-03-12,84.00,86.25,77.60,78.25,1344400,48.85
2008-03-11,79.90,81.45,78.70,80.10,1695900,50.01
2008-03-10,78.00,82.10,75.25,79.60,779200,49.70
2008-03-07,85.50,85.50,78.80,78.95,682600,49.29
2008-03-05,89.10,91.85,85.65,87.00,635900,54.32
2008-03-04,94.00,94.00,88.00,91.10,266000,56.88
2008-03-03,95.10,96.95,92.00,92.10,322300,57.50
2008-02-29,97.50,99.00,93.65,97.60,790300,60.93
2008-02-28,96.75,98.05,95.40,97.95,986700,61.15
2008-02-27,97.50,100.35,96.60,96.80,1156500,60.43
2008-02-26,96.00,97.50,95.00,97.25,532000,60.72
2008-02-25,95.90,96.80,93.05,94.90,386600,59.25
2008-02-22,94.00,96.90,93.15,95.30,304400,59.50
2008-02-21,99.00,99.75,94.25,96.00,318500,59.94
2008-02-20,95.10,99.90,95.10,97.60,831600,60.93
2008-02-19,98.80,99.75,97.50,97.80,644000,61.06
2008-02-18,100.70,100.70,95.50,97.90,493700,61.12
2008-02-15,96.50,100.40,93.80,98.00,1684200,61.18
2008-02-14,89.00,98.00,87.75,96.90,2093100,60.50
2008-02-13,88.00,89.05,83.40,86.10,652600,53.75
2008-02-12,91.50,91.70,85.50,86.10,511600,53.75
2008-02-11,91.00,92.25,86.30,89.10,1122600,55.63
2008-02-08,94.75,94.75,89.20,90.50,471100,56.50
2008-02-07,94.75,97.30,92.00,92.40,734400,57.69
2008-02-06,94.50,96.05,89.00,95.60,601200,59.69
2008-02-05,97.00,97.95,95.40,95.80,1014400,59.81
2008-02-04,96.70,98.75,95.75,97.55,1423300,60.90
2008-02-01,93.00,94.90,91.60,93.95,871700,58.66
2008-01-31,96.00,96.90,91.00,91.80,1314200,57.31
2008-01-30,104.90,106.90,93.50,94.75,1555200,59.16
2008-01-29,108.00,111.00,98.90,102.40,829600,63.93
2008-01-28,104.00,109.00,95.00,108.00,901800,67.43
2008-01-25,95.00,102.90,94.05,101.10,1001400,63.12
2008-01-24,98.10,101.00,89.10,92.00,887400,57.44
2008-01-23,96.90,100.40,91.00,96.70,836900,60.37
2008-01-22,86.10,97.00,71.15,87.00,1109200,54.32
2008-01-21,108.20,111.85,88.00,97.45,1188600,60.84
2008-01-18,115.25,116.80,108.05,110.25,1289100,68.83
2008-01-17,114.55,119.90,114.55,117.05,513500,73.08
2008-01-16,111.00,116.00,111.00,116.00,577600,72.42
2008-01-15,119.00,120.20,116.00,116.45,691900,72.70
2008-01-14,124.50,128.80,117.40,118.65,943000,74.08
2008-01-11,118.00,118.00,112.50,116.50,554800,72.73
2008-01-10,120.00,121.90,116.90,117.00,843500,73.05
2008-01-09,120.90,122.70,115.85,119.10,715800,74.36
2008-01-08,123.55,124.75,118.00,118.60,532900,74.05
2008-01-07,99.00,125.00,99.00,122.70,523400,76.60
2008-01-04,126.00,126.95,122.15,123.05,999300,76.82
2008-01-03,124.50,129.95,124.00,125.00,1139800,78.04
2008-01-02,122.00,128.00,121.05,127.60,2900100,79.66
2008-01-01,113.00,122.00,113.00,121.50,1670400,75.86
2007-12-31,120.00,120.00,115.00,115.00,452900,71.80
2007-12-28,110.55,116.00,110.55,114.65,1115700,71.58
2007-12-27,112.00,113.50,109.25,111.05,5792000,69.33
2007-12-26,108.00,112.50,108.00,111.55,1288300,69.64
2007-12-24,107.10,109.60,106.90,107.50,768300,67.12
2007-12-20,110.80,110.80,105.30,106.05,1386200,66.21
2007-12-19,114.40,114.40,106.00,108.60,594700,67.80
2007-12-18,105.50,111.90,105.10,109.80,797600,68.55
2007-12-17,115.00,115.70,106.00,108.00,587800,67.43
2007-12-14,96.00,116.50,96.00,114.10,501800,71.24
2007-12-13,119.50,119.50,113.15,114.45,1269500,71.45
2007-12-12,116.00,119.90,115.00,118.05,675300,73.70
2007-12-11,115.00,121.30,115.00,117.00,1261600,73.05
2007-12-10,115.00,117.45,112.20,116.30,859500,72.61
2007-12-07,119.20,122.00,110.30,113.30,1557300,70.74
2007-12-06,123.00,124.95,115.55,117.45,2883900,73.33
2007-12-05,108.00,121.85,108.00,120.80,4279300,75.42
2007-12-04,106.90,110.50,105.20,109.00,3513900,68.05
2007-12-03,102.50,106.50,102.05,105.45,2275200,65.84
2007-11-30,96.00,102.70,96.00,102.00,1753000,63.68
2007-11-29,102.00,103.00,93.70,95.90,2151500,59.87
2007-11-28,102.00,103.65,98.25,98.55,1107800,61.53
2007-11-27,100.00,104.20,96.25,101.10,1724900,63.12
2007-11-26,98.00,101.00,97.00,98.70,745900,61.62
2007-11-23,98.50,99.00,95.55,97.00,546100,60.56
2007-11-22,97.00,99.90,92.00,97.50,2217500,60.87
2007-11-21,103.00,107.90,94.45,94.55,1820000,59.03
2007-11-20,108.50,112.90,100.70,102.80,3255500,64.18
2007-11-19,107.80,112.00,105.75,110.75,2795200,69.14
2007-11-16,105.00,107.95,102.10,105.00,938300,65.55
2007-11-15,107.70,108.50,104.50,105.90,1834800,66.12
2007-11-14,109.40,109.40,105.15,106.00,3027100,66.18
2007-11-13,93.00,107.50,93.00,104.00,8111100,64.93
2007-11-12,90.50,96.10,86.80,94.15,2259400,58.78
2007-11-09,94.00,94.80,90.05,90.70,156000,56.63
2007-11-08,90.50,94.90,89.65,92.95,1012700,58.03
2007-11-07,93.00,93.70,90.05,92.05,793500,57.47
2007-11-06,92.40,96.45,90.90,92.05,2627100,57.47
2007-11-05,90.60,95.90,89.05,92.05,1993700,57.47
2007-11-02,87.10,91.20,85.50,90.60,1065100,56.56
2007-11-01,92.00,92.00,87.50,89.00,1451900,55.57
2007-10-31,89.80,90.90,88.50,89.70,983800,56.00
2007-10-30,89.90,92.40,86.00,88.65,2872200,55.35
2007-10-29,90.00,92.25,88.50,89.00,1201700,55.57
2007-10-26,85.10,88.80,84.50,87.50,1692900,54.63
2007-10-25,87.00,88.60,83.00,84.50,3539900,52.76
2007-10-24,88.00,89.90,85.10,86.90,911300,54.25
2007-10-23,81.00,86.40,80.55,86.20,1262000,53.82
2007-10-22,76.10,88.00,76.00,79.00,1154200,49.32
2007-10-19,81.00,81.00,76.70,78.50,1073100,49.01
2007-10-18,84.70,85.00,79.50,80.20,418500,50.07
2007-10-17,80.10,84.75,72.00,83.25,1231600,51.98
2007-10-16,83.85,86.50,82.90,85.75,2303400,53.54
2007-10-15,83.90,83.95,82.25,83.30,638200,52.01
2007-10-12,82.00,84.50,81.50,82.50,602800,51.51
2007-10-11,83.55,85.00,82.55,83.40,373100,52.07
2007-10-10,87.00,87.00,82.10,83.45,887500,52.10
2007-10-09,77.20,83.75,77.20,83.30,1148800,52.01
2007-10-08,83.00,86.80,79.80,81.00,1495500,50.57
2007-10-05,91.90,91.90,85.00,85.00,944900,53.07
2007-10-04,92.00,92.00,87.70,89.40,958600,55.81
2007-10-03,93.00,94.00,86.40,90.50,1473900,56.50
2007-10-01,92.00,94.75,91.05,91.50,2116300,57.13
2007-09-28,90.00,92.95,87.05,92.80,1997600,57.94
2007-09-27,92.50,92.70,88.00,89.00,2295100,55.57
2007-09-26,89.30,94.00,87.25,90.65,2300300,56.60
2007-09-25,92.00,93.15,87.20,88.70,1104300,55.38
2007-09-24,93.75,93.75,88.05,91.70,1988700,57.25
2007-09-21,88.00,91.55,87.00,89.75,2452200,56.03
2007-09-20,87.00,89.35,86.00,87.80,3103100,54.82
2007-09-19,88.80,88.80,85.65,86.55,1403700,54.04
2007-09-18,82.05,85.70,82.05,85.00,861500,53.07
2007-09-17,84.00,84.45,82.40,83.30,422700,52.01
2007-09-14,87.50,88.00,82.15,84.00,2178000,52.44
2007-09-13,81.85,86.00,80.50,86.00,1751700,53.69
2007-09-12,82.00,82.70,80.50,80.80,526800,50.45
2007-09-11,82.85,83.00,80.50,81.30,543000,50.76
2007-09-10,79.50,82.40,78.30,82.00,894600,51.19
2007-09-07,82.80,83.00,80.15,81.25,868500,50.73
2007-09-06,78.00,81.90,78.00,81.60,751100,50.95
2007-09-05,83.00,83.00,78.75,79.00,545300,49.32
2007-09-04,82.70,82.70,79.50,80.25,882100,50.10
2007-09-03,78.25,81.00,78.25,80.05,733400,49.98
2007-08-31,77.50,79.00,77.10,78.00,1467700,48.70
2007-08-30,75.00,77.35,74.60,76.85,3586100,47.98
2007-08-29,74.25,74.60,73.15,74.15,689400,46.29
2007-08-28,76.00,77.00,74.80,74.85,530000,46.73
2007-08-27,73.50,75.75,72.80,75.20,832300,46.95
2007-08-24,71.80,72.50,70.50,72.30,366800,45.14
2007-08-23,73.00,74.50,70.05,71.55,1295100,44.67
2007-08-22,71.80,72.90,68.75,72.20,919900,45.08
2007-08-21,74.00,75.00,71.25,71.85,447300,44.86
2007-08-20,75.00,77.85,73.60,74.10,482500,46.26
2007-08-17,73.95,75.00,71.70,73.10,712900,45.64
2007-08-16,73.20,75.95,72.20,74.50,471600,46.51
2007-08-14,78.00,79.70,77.20,77.80,351400,48.57
2007-08-13,77.10,79.00,76.70,77.65,633600,48.48
2007-08-10,75.50,78.00,75.20,76.65,1052500,47.85
2007-08-09,83.90,83.90,78.20,79.05,1065400,49.35
2007-08-08,80.00,82.25,80.00,81.30,1647900,50.76
2007-08-07,82.50,82.50,79.75,80.00,1758400,49.95
2007-08-06,74.00,80.00,74.00,79.65,588000,49.73
2007-08-03,80.05,81.95,79.50,79.95,836700,49.91
2007-08-02,79.10,81.25,78.75,79.85,1033300,49.85
2007-08-01,84.80,84.80,78.00,78.65,784700,49.10
2007-07-31,83.90,85.90,80.50,83.25,1574500,51.98
2007-07-30,80.15,84.50,80.15,82.85,983800,51.73
2007-07-27,84.00,84.00,80.05,81.15,951700,50.66
2007-07-26,85.30,86.00,83.20,83.90,1402400,52.38
2007-07-25,87.05,89.10,84.20,84.80,2416100,52.94
2007-07-24,87.25,88.65,85.70,87.70,1507900,54.75
2007-07-23,86.00,87.45,85.00,86.20,597400,53.82
2007-07-20,88.00,89.00,86.00,86.40,918300,53.94
2007-07-19,86.80,89.80,86.80,87.90,1627500,54.88
2007-07-18,86.40,88.00,83.90,86.70,1592800,54.13
2007-07-17,88.00,91.00,85.50,85.95,4267500,53.66
2007-07-16,82.65,89.00,82.65,88.40,3589100,55.19
2007-07-13,81.00,84.70,81.00,82.95,2938400,51.79
2007-07-12,80.60,81.50,80.20,80.65,962200,50.35
2007-07-11,79.00,80.60,78.00,79.90,1122200,49.88
2007-07-10,80.00,80.95,78.70,79.20,1371900,49.45
2007-07-09,77.30,81.40,76.00,79.75,2159200,49.79
2007-07-06,76.50,77.25,76.05,76.40,372500,47.70
2007-07-05,78.00,78.80,75.40,76.55,241900,47.79
2007-07-04,78.90,79.35,77.00,77.85,683100,48.60
2007-07-03,77.05,78.40,77.05,78.15,488900,48.79
2007-07-02,77.50,79.70,76.10,76.60,406500,47.82
2007-06-29,74.00,77.35,73.65,76.80,994500,47.95
2007-06-28,74.80,74.80,73.00,73.40,1365500,45.83
2007-06-27,73.30,74.40,73.00,74.00,597700,46.20
2007-06-26,75.45,75.45,73.30,73.55,492000,45.92
2007-06-25,73.00,74.70,71.80,74.00,518600,46.20
2007-06-22,73.70,75.50,73.10,73.95,576100,46.17
2007-06-21,76.00,76.30,73.60,74.30,599500,46.39
2007-06-20,74.40,75.70,74.00,75.30,731600,47.01
2007-06-19,72.05,74.00,71.50,73.75,1198000,46.04
2007-06-18,72.00,74.00,71.80,72.05,751400,44.98
2007-06-15,72.10,73.30,72.00,72.80,2018000,45.45
2007-06-14,70.50,72.20,70.50,71.50,724000,44.64
2007-06-13,70.10,71.60,69.80,70.45,923500,43.98
2007-06-12,72.20,73.00,70.35,71.00,2030000,44.33
2007-06-11,76.80,77.50,73.00,73.00,1851300,44.76
2007-06-08,77.20,77.90,75.50,76.25,620600,46.76
2007-06-07,77.45,78.95,75.70,77.10,888100,47.28
2007-06-06,79.25,80.25,77.00,77.10,704700,47.28
2007-06-05,77.50,80.25,76.90,79.30,811700,48.63
2007-06-04,79.00,79.05,77.00,77.25,497300,47.37
2007-05-31,78.00,78.90,76.55,76.85,625000,47.13
2007-05-30,78.05,79.00,76.90,77.35,494900,47.43
2007-05-29,79.90,79.90,78.10,78.40,538000,48.08
2007-05-28,79.00,80.40,79.00,79.35,909100,48.66
2007-05-25,78.00,79.50,76.10,78.20,845200,47.95
2007-05-24,80.50,81.60,77.80,78.55,1360000,48.17
2007-05-23,81.70,84.40,80.10,81.15,1815400,49.76
2007-05-22,82.55,82.55,80.70,81.00,574700,49.67
2007-05-21,82.35,82.35,81.05,81.50,485300,49.98
2007-05-18,81.50,82.90,79.90,81.10,1516300,49.73
2007-05-17,83.25,83.65,80.60,81.15,1437400,49.76
2007-05-16,82.00,83.20,81.80,82.25,1530400,50.44
2007-05-15,83.50,84.00,81.35,82.00,2763500,50.28
2007-05-14,79.90,82.90,79.40,82.00,2565400,50.28
2007-05-11,75.00,79.25,75.00,78.50,1300600,48.14
2007-05-10,85.00,85.00,78.10,78.50,2942200,48.14
2007-05-09,77.90,80.00,76.10,79.70,4631800,48.87
2007-05-08,76.80,78.45,75.90,76.25,2071500,46.76
2007-05-07,76.35,77.40,75.05,75.65,417300,46.39
2007-05-04,75.65,77.00,75.10,75.70,577700,46.42
2007-05-03,74.50,76.70,74.50,75.20,596500,46.11
2007-04-30,74.30,74.90,71.55,73.80,986200,45.25
2007-04-27,77.90,78.90,73.75,74.55,1389400,45.71
2007-04-26,78.25,81.00,76.40,77.35,2374200,47.43
2007-04-24,72.95,79.60,71.10,78.30,2816900,48.01
2007-04-23,80.00,80.00,72.15,72.60,540900,44.52
2007-04-20,75.30,76.00,72.15,73.30,1371800,44.95
2007-04-19,73.00,75.65,67.60,74.35,2143400,45.59
2007-04-18,71.00,73.50,70.50,73.10,2811500,44.83
2007-04-17,67.05,71.80,66.10,70.30,3306400,43.11
2007-04-16,65.50,67.70,65.50,66.95,836300,41.05
2007-04-13,63.00,67.10,63.00,66.25,2049900,40.63
2007-04-12,62.10,64.75,62.10,63.65,989900,39.03
2007-04-11,62.10,63.95,62.10,63.25,700300,38.79
2007-04-10,64.00,64.00,61.70,62.75,1785500,38.48
2007-04-09,61.20,62.75,60.00,62.40,1193300,38.26
2007-04-05,59.20,61.30,58.00,60.55,1220200,37.13
2007-04-04,60.00,60.50,58.10,58.60,1733100,35.93
2007-04-03,59.20,60.00,57.05,57.90,4342500,35.50
2007-04-02,60.30,60.70,58.05,58.80,2075200,36.06
2007-03-30,63.40,65.95,63.40,63.90,2065200,39.18
2007-03-29,64.00,65.00,62.10,62.75,2994900,38.48
2007-03-28,65.80,66.50,64.00,64.20,1424600,39.37
2007-03-26,70.00,70.00,65.10,65.45,1229500,40.13
2007-03-23,72.50,72.50,68.55,68.90,954100,42.25
2007-03-22,71.00,72.40,69.25,71.90,1099100,44.09
2007-03-21,68.70,74.25,65.55,68.65,1813600,42.10
2007-03-20,64.45,66.60,63.50,65.70,1215900,40.29
2007-03-19,63.80,63.80,62.50,63.15,415100,38.72
2007-03-16,63.20,63.70,62.10,62.70,548300,38.45
2007-03-15,64.50,65.40,62.80,63.20,701100,38.75
2007-03-14,63.50,64.10,62.55,63.45,474200,38.91
2007-03-13,63.45,65.80,62.60,65.00,922800,39.86
2007-03-12,63.50,64.40,62.50,63.00,899400,38.63
2007-03-09,66.00,66.50,63.50,63.70,655200,39.06
2007-03-08,63.55,66.00,62.60,65.35,809100,40.07
2007-03-07,66.95,66.95,63.00,64.10,952200,39.31
2007-03-06,66.50,67.25,63.50,64.65,719800,39.64
2007-03-05,67.90,68.00,64.05,64.95,1083500,39.83
2007-03-02,69.45,70.00,65.50,67.90,1093900,41.64
2007-03-01,68.70,69.50,67.00,68.90,722600,42.25
2007-02-28,66.50,69.20,62.30,67.75,989800,41.54
2007-02-27,69.90,70.20,68.30,69.45,787500,42.59
2007-02-26,69.50,70.15,68.15,69.70,667000,42.74
2007-02-23,65.95,70.25,65.95,68.00,1279800,41.70
2007-02-22,71.85,71.85,66.15,67.35,2943800,41.30
2007-02-21,72.00,73.00,70.65,71.00,712600,43.54
2007-02-20,73.00,73.75,71.65,72.00,367400,44.15
2007-02-15,75.65,77.15,72.00,73.40,795700,45.01
2007-02-14,70.40,72.00,67.25,71.20,2101500,43.66
2007-02-13,73.65,75.75,70.40,73.50,1288200,45.07
2007-02-12,78.75,79.20,73.15,73.65,1764600,45.16
2007-02-09,80.00,82.00,78.10,79.85,2233000,48.96
2007-02-08,78.50,80.50,78.50,79.30,1612100,48.63
2007-02-07,78.50,81.00,77.60,78.45,3075700,48.11
2007-02-06,73.10,79.85,73.10,78.15,2100200,47.92
2007-02-05,75.00,75.60,73.50,75.35,684300,46.21
2007-02-02,77.00,77.00,74.15,74.50,1266500,45.68
2007-02-01,74.40,76.40,73.10,75.75,1795600,46.45
2007-01-31,74.00,75.80,71.25,73.75,2774800,45.22
2007-01-29,73.00,74.75,72.50,72.95,1132200,44.73
2007-01-25,71.50,73.30,71.05,72.05,2700200,44.18
2007-01-24,73.00,73.00,70.00,70.40,1166200,43.17
2007-01-23,74.00,74.40,72.00,72.10,743800,44.21
2007-01-22,75.00,75.30,73.70,74.05,166800,45.41
2007-01-19,74.50,75.20,73.55,74.35,499600,45.59
2007-01-18,75.00,76.15,74.00,74.35,883300,45.59
2007-01-17,74.95,75.25,74.00,74.70,371300,45.81
2007-01-16,74.70,75.45,73.75,74.00,654300,45.38
2007-01-15,76.50,76.80,74.05,74.65,487200,45.78
2007-01-12,73.00,76.35,73.00,75.70,2147900,46.42
2007-01-11,72.50,72.90,71.10,72.20,1565900,44.27
2007-01-10,72.60,73.30,71.05,71.90,1168800,44.09
2007-01-09,75.00,75.40,72.75,73.05,1051800,44.79
2007-01-08,74.85,75.50,73.55,75.05,1062600,46.02
2007-01-05,75.50,75.50,73.55,74.85,1995700,45.90
2007-01-04,76.75,76.90,75.50,75.60,543900,46.36
2007-01-03,75.45,76.85,74.90,76.30,1178700,46.79
2007-01-02,75.50,75.50,74.45,74.75,272900,45.84
2006-12-29,75.80,76.00,74.20,74.75,1754100,45.84
2006-12-28,75.50,76.60,74.55,74.80,2125400,45.87
2006-12-27,72.40,75.95,72.15,74.60,1851700,45.75
2006-12-26,72.50,72.50,71.45,71.70,1357300,43.97
2006-12-22,72.00,72.85,71.10,71.70,1394300,43.97
2006-12-21,72.00,72.95,71.25,72.25,692100,44.30
2006-12-20,72.90,73.80,71.00,71.75,1179800,44.00
2006-12-19,74.40,74.40,71.80,72.70,864100,44.58
2006-12-18,73.70,74.35,71.15,73.50,1768300,45.07
2006-12-15,74.70,75.60,72.70,73.30,1564200,44.95
2006-12-14,72.00,74.00,71.50,73.45,1380900,45.04
2006-12-13,67.50,71.60,63.10,70.95,3452100,43.51
2006-12-12,73.80,73.80,62.50,66.10,2789900,40.53
2006-12-11,79.55,79.55,72.00,73.40,1524900,45.01
2006-12-08,80.00,80.90,78.35,80.00,950700,49.06
2006-12-07,80.25,80.85,79.60,79.85,798900,48.96
2006-12-06,81.90,81.90,79.50,80.10,710100,49.12
2006-12-05,82.85,83.25,82.20,82.35,543500,49.58
2006-12-04,83.80,83.80,82.50,82.85,437800,49.88
2006-12-01,81.90,83.75,81.55,83.30,1060200,50.15
2006-11-30,82.15,82.90,80.80,81.25,2405200,48.92
2006-11-29,81.85,82.95,81.65,82.00,481100,49.37
2006-11-28,83.10,83.10,80.40,81.50,928700,49.07
2006-11-27,83.90,84.10,83.00,83.30,492500,50.15
2006-11-24,83.00,84.25,82.80,83.20,1077200,50.09
2006-11-23,83.40,84.40,81.60,83.40,1429900,50.21
2006-11-22,82.70,83.50,81.85,82.50,1197400,49.67
2006-11-21,82.45,83.10,81.70,81.95,1230700,49.34
2006-11-20,82.65,84.00,80.75,81.85,1307500,49.28
2006-11-17,85.50,86.20,82.90,83.80,2211500,50.45
2006-11-16,84.95,86.65,84.25,85.40,4701900,51.41
2006-11-15,82.90,85.00,82.00,84.65,2580000,50.96
2006-11-14,82.75,83.00,81.00,82.20,3000300,49.49
2006-11-13,79.50,82.25,79.50,82.05,2325000,49.40
2006-11-10,79.80,80.40,78.85,79.50,901300,47.86
2006-11-09,80.50,80.70,79.00,79.35,918100,47.77
2006-11-08,79.00,80.10,77.60,79.40,2233000,47.80
2006-11-07,79.00,80.25,78.00,79.05,2109700,47.59
2006-11-06,80.30,80.30,78.20,78.55,1742500,47.29
2006-11-03,80.50,81.00,78.75,79.35,1519100,47.77
2006-11-02,81.40,81.80,80.10,80.65,1597800,48.55
2006-11-01,85.40,85.40,80.40,81.20,1910200,48.89
2006-10-31,85.40,85.40,80.65,81.20,6396200,48.89
2006-10-30,84.50,85.10,80.85,83.35,1951200,50.18
2006-10-27,83.75,84.90,83.15,84.15,2302300,50.66
2006-10-26,80.75,83.45,78.05,82.55,6402200,49.70
2006-10-23,82.50,82.50,79.10,79.40,1417600,47.80
2006-10-20,83.75,84.45,81.30,81.75,4122400,49.22
2006-10-19,86.70,87.40,82.85,83.30,2491300,50.15
2006-10-18,87.90,88.40,86.30,86.65,1066300,52.17
2006-10-17,89.50,89.50,86.75,87.90,1590000,52.92
2006-10-16,88.50,89.55,86.85,88.10,1803000,53.04
2006-10-13,89.00,89.20,87.50,87.80,1537700,52.86
2006-10-12,84.55,87.45,83.25,87.10,2294100,52.44
2006-10-11,88.10,89.40,85.10,85.55,1559500,51.50
2006-10-09,88.50,91.10,81.25,89.10,2970800,53.64
2006-10-06,91.40,91.40,88.35,88.70,1987200,53.40
2006-10-05,90.70,91.50,89.00,90.40,3479100,54.42
2006-10-04,90.70,91.30,87.15,88.45,3437900,53.25
2006-10-03,90.60,92.40,89.10,90.55,3540200,54.51
2006-09-29,87.00,92.85,87.00,89.95,7048800,54.15
2006-09-28,82.00,89.80,80.00,87.00,6834800,52.38
2006-09-27,79.40,81.00,79.20,80.85,1958600,48.67
2006-09-26,76.50,78.85,76.10,78.45,1933700,47.23
2006-09-25,77.20,77.95,76.00,76.40,1226800,46.00
2006-09-22,74.00,77.85,73.20,76.95,2616000,46.33
2006-09-21,74.00,76.00,73.60,73.95,1946200,44.52
2006-09-20,72.00,73.90,70.80,73.60,1067700,44.31
2006-09-19,75.20,76.00,72.25,72.95,1182700,43.92
2006-09-18,76.45,77.90,74.50,74.90,2425100,45.09
2006-09-15,77.90,78.00,74.25,76.45,2486800,46.03
2006-09-14,77.50,78.45,76.90,77.35,1203700,46.57
2006-09-13,74.30,77.00,74.00,76.85,2765400,46.27
2006-09-12,70.10,73.50,68.10,72.90,1469900,43.89
2006-09-11,75.50,75.50,70.00,70.85,846800,42.65
2006-09-08,75.50,76.20,74.05,75.40,910000,45.39
2006-09-07,76.50,76.90,74.90,75.30,661000,45.33
2006-09-06,77.80,78.60,76.50,76.90,862500,46.30
2006-09-05,78.70,78.90,77.05,77.80,573900,46.84
2006-09-04,77.00,79.00,77.00,78.15,1010400,47.05
2006-09-01,75.85,79.00,75.20,76.70,1986000,46.18
2006-08-31,78.00,80.00,75.50,75.85,1297600,45.66
2006-08-30,75.50,78.30,74.20,77.60,2495000,46.72
2006-08-29,73.00,76.00,73.00,75.20,1576400,45.27
2006-08-28,72.00,73.00,72.00,72.85,520600,43.86
2006-08-25,71.60,72.80,71.40,72.15,1041000,43.44
2006-08-24,69.00,71.20,68.05,70.90,1813700,42.68
2006-08-23,72.95,72.95,69.30,69.85,1745000,42.05
2006-08-22,70.90,73.35,70.90,72.30,6068600,43.53
2006-08-21,70.00,70.90,68.50,70.20,1031100,42.26
2006-08-18,71.10,71.20,69.05,69.30,758700,41.72
2006-08-17,70.45,71.25,69.60,70.95,1557600,42.71
2006-08-16,70.95,71.90,69.00,70.45,1793600,42.41
2006-08-14,70.00,71.40,68.70,69.05,868500,41.57
2006-08-11,63.25,70.85,63.25,69.00,1378000,41.54
2006-08-10,68.80,70.95,68.25,69.10,2714100,41.60
2006-08-09,65.85,69.45,65.35,68.95,2622800,41.51
2006-08-08,60.10,66.40,60.10,65.70,1900800,39.55
2006-08-07,64.00,64.50,61.70,63.55,2461100,38.26
2006-08-04,66.00,67.10,63.45,64.20,2780300,38.65
2006-08-02,66.20,67.90,66.10,66.60,1565600,40.10
2006-08-01,62.05,67.75,62.05,66.75,2370500,40.19
2006-07-31,66.90,68.70,66.10,66.90,3164400,40.28
2006-07-28,64.00,66.75,61.70,65.35,5219600,39.34
2006-07-27,59.00,63.35,56.75,62.35,5083100,37.54
2006-07-26,57.90,59.85,55.55,59.25,2279000,35.67
2006-07-25,56.55,58.25,55.50,57.90,3101700,34.86
2006-07-24,52.00,56.10,50.80,55.45,2718000,33.38
2006-07-21,52.05,52.70,50.95,51.90,844900,31.25
2006-07-20,51.25,53.50,50.55,52.95,2333500,31.88
2006-07-19,51.00,51.50,49.55,50.15,1502200,30.19
2006-07-18,50.00,51.00,49.40,50.40,1330000,30.34
2006-07-17,48.50,51.40,48.25,50.55,3198200,30.43
2006-07-14,49.00,49.30,48.00,48.80,539600,29.38
2006-07-13,49.80,50.50,49.15,49.55,626000,29.83
2006-07-12,48.25,50.20,47.10,50.00,2019900,30.10
2006-07-11,49.15,49.45,48.35,48.95,852400,29.47
2006-07-10,49.00,49.45,47.80,48.85,1212900,29.41
2006-07-07,51.00,51.60,48.55,48.95,1935100,29.47
2006-07-06,51.45,51.80,49.60,50.30,3321000,30.28
2006-07-05,52.50,52.75,50.00,50.75,6373900,30.55
2006-07-04,51.50,52.95,51.40,52.10,2687100,31.37
2006-07-03,50.70,51.50,50.00,50.80,1476900,30.58
2006-06-30,51.40,54.10,49.60,49.90,4411000,30.04
2006-06-29,51.00,51.50,49.70,49.95,1812000,30.07
2006-06-28,51.00,51.80,50.00,50.40,1100800,30.34
2006-06-27,54.35,55.00,51.30,51.55,777900,31.04
2006-06-26,57.85,57.85,53.75,54.20,475300,32.63
2006-06-23,56.50,57.25,55.00,56.75,486700,34.17
2006-06-22,56.90,58.30,56.50,57.15,1442100,34.41
2006-06-21,54.20,55.75,53.20,55.00,625900,33.11
2006-06-20,55.20,55.75,53.00,53.90,1709000,32.45
2006-06-19,57.15,57.45,54.10,56.65,1123700,34.11
2006-06-14,53.60,57.00,48.05,50.35,2747600,29.71
2006-06-13,57.50,58.00,52.00,53.30,2315500,31.45
2006-06-12,62.50,63.40,58.55,59.05,1637100,34.84
2006-06-09,54.30,63.00,53.00,61.45,1314800,36.26
2006-06-08,58.00,58.00,51.25,54.15,1532300,31.95
2006-06-07,62.80,63.75,57.10,57.95,1759100,34.20
2006-06-06,65.00,65.25,62.20,62.95,1225400,37.15
2006-06-05,65.80,68.40,65.20,67.35,1918600,39.74
2006-06-02,70.00,72.00,62.00,64.35,1775700,37.97
2006-06-01,70.00,70.90,66.00,66.55,624900,39.27
2006-05-31,72.30,72.30,72.30,72.30,000,42.66
2006-05-30,75.70,76.90,71.80,72.30,921400,42.66
2006-05-29,78.25,78.25,74.50,75.10,1625300,44.32
2006-05-26,77.80,79.95,77.45,77.70,1024500,45.85
2006-05-25,76.25,80.40,73.30,76.75,1830400,45.29
2006-05-24,78.00,81.40,75.50,76.25,1922900,44.99
2006-05-23,69.05,77.80,66.00,77.05,1205300,45.47
2006-05-22,75.00,78.85,62.30,68.40,1022600,40.36
2006-05-19,80.00,83.95,71.20,73.60,2265300,43.43
2006-05-18,87.30,87.30,77.00,78.20,2888800,46.14
2006-05-17,87.70,89.00,82.30,85.60,3418400,50.51
2006-05-16,92.50,92.70,79.50,86.85,3412500,51.25
2006-05-15,95.00,98.00,90.00,92.15,1063700,54.38
2006-05-12,100.45,100.75,96.05,96.70,1640000,57.06
2006-05-11,101.45,103.50,98.55,101.45,2035800,59.86
2006-05-10,96.10,102.00,95.25,101.45,3543100,59.86
2006-05-09,96.00,96.80,93.75,95.25,1320400,56.21
2006-05-08,98.50,99.00,94.70,95.95,1947300,56.62
2006-05-05,96.25,98.90,94.00,97.85,1829600,57.74
2006-05-04,93.90,97.00,93.00,96.35,3730000,56.85
2006-05-03,85.80,93.25,85.80,92.45,3875000,54.55
2006-05-02,81.50,85.45,81.50,85.05,1313100,50.19
2006-05-01,81.15,81.15,81.15,81.15,000,47.89
2006-04-28,81.15,81.15,81.15,81.15,000,47.89
2006-04-27,84.00,84.75,70.00,81.15,1761900,47.89
2006-04-26,84.00,85.25,83.60,83.80,548500,49.45
2006-04-25,85.90,85.90,84.00,84.15,362600,49.66
2006-04-24,86.95,86.95,84.75,85.10,746500,50.22
2006-04-21,89.00,89.00,85.10,85.80,2058000,50.63
2006-04-20,89.90,89.90,88.50,88.85,464800,52.43
2006-04-19,90.50,92.35,88.40,88.95,970700,52.49
2006-04-18,90.10,92.80,89.45,92.10,1584300,54.35
2006-04-17,87.10,89.20,87.10,88.30,233000,52.10
2006-04-14,86.75,86.75,86.75,86.75,000,51.19
2006-04-13,89.00,90.00,84.25,86.75,903800,51.19
2006-04-12,90.45,90.45,90.45,90.45,000,53.37
2006-04-11,90.45,90.45,90.45,90.45,000,53.37
2006-04-10,92.00,92.50,89.10,90.45,1263500,53.37
2006-04-07,93.70,95.70,90.00,91.00,878900,53.70
2006-04-06,94.20,94.20,94.20,94.20,000,55.59
2006-04-05,92.00,95.40,92.00,94.20,1192300,55.59
2006-04-04,92.90,93.30,90.55,92.75,653900,54.73
2006-04-03,89.55,91.70,89.55,91.50,1421900,53.99
2006-03-31,89.00,94.90,87.25,89.85,2334300,53.02
2006-03-30,89.00,91.40,86.10,86.85,1410100,51.25
2006-03-29,91.00,91.00,91.00,91.00,000,53.70
2006-03-28,93.00,93.95,91.00,91.00,518000,53.70
2006-03-27,90.45,93.00,90.10,92.20,1629700,54.41
2006-03-24,89.00,90.60,88.60,90.45,937000,53.37
2006-03-23,88.70,89.60,87.75,88.55,958100,52.25
2006-03-22,90.00,91.00,87.75,88.25,1500900,52.07
2006-03-21,91.50,92.00,90.70,91.00,1087900,53.70
2006-03-20,91.50,92.70,91.10,91.40,553800,53.93
2006-03-17,91.55,93.05,91.55,91.85,1019000,54.20
2006-03-16,92.50,93.40,91.65,91.95,618500,54.26
2006-03-15,92.25,92.25,92.25,92.25,000,54.44
2006-03-14,91.50,94.70,90.60,92.25,2525700,54.44
2006-03-13,90.55,93.20,90.55,91.00,1232500,53.70
2006-03-10,91.00,93.40,90.90,91.30,2680700,53.87
2006-03-09,91.40,92.55,89.55,90.80,1640100,53.58
2006-03-08,94.00,94.50,90.55,91.20,1556700,53.82
2006-03-07,94.60,94.60,92.25,93.55,1500800,55.20
2006-03-06,93.00,95.40,92.35,94.10,1530100,55.53
2006-03-03,95.00,95.25,91.60,92.30,3287100,54.46
2006-03-02,93.00,95.80,92.50,94.10,1585600,55.53
2006-03-01,92.15,93.40,91.75,92.50,857200,54.58
2006-02-28,94.75,95.45,91.55,93.40,2186200,55.11
2006-02-27,92.00,95.00,92.00,94.75,1898700,55.91
2006-02-24,89.35,93.15,89.25,92.55,2015300,54.61
2006-02-23,89.65,92.00,86.55,88.75,3642700,52.37
2006-02-22,93.00,93.40,90.60,90.90,782200,53.64
2006-02-21,91.40,91.40,91.40,91.40,000,53.93
2006-02-20,91.00,92.00,89.80,91.40,1140600,53.93
2006-02-17,94.75,95.00,91.25,91.45,1106800,53.96
2006-02-16,99.90,99.90,91.70,94.50,1898400,55.76
2006-02-15,94.45,94.65,91.60,92.00,2103600,54.29
2006-02-14,97.55,97.70,93.00,93.40,1282500,55.11
2006-02-13,95.75,98.80,94.80,97.15,2013200,57.33
2006-02-10,90.00,95.50,89.50,95.05,2773300,56.09
2006-02-09,89.95,89.95,89.95,89.95,000,53.08
2006-02-08,90.00,90.40,88.90,89.95,2129100,53.08
2006-02-07,89.50,90.80,88.05,89.30,2620300,52.69
2006-02-06,91.55,92.90,87.60,88.25,1611000,52.07
2006-02-03,93.50,93.50,90.50,91.95,1790700,54.26
2006-02-02,92.50,93.15,89.55,91.55,2799900,54.02
2006-02-01,97.00,97.50,91.10,92.20,2339800,53.52
2006-01-31,95.15,98.85,95.15,96.95,1578100,56.28
2006-01-30,98.85,99.20,95.05,97.85,1033300,56.80
2006-01-27,97.00,99.80,97.00,98.85,2088100,57.38
2006-01-26,96.45,96.45,96.45,96.45,000,55.99
2006-01-25,97.70,98.45,96.00,96.45,2704900,55.99
2006-01-24,99.00,99.75,96.85,97.25,2705100,56.45
2006-01-23,100.40,101.00,97.70,98.40,2142000,57.12
2006-01-20,96.85,96.85,96.85,96.85,000,56.22
2006-01-19,99.90,99.90,96.00,96.85,3037700,56.22
2006-01-18,99.25,99.25,94.10,95.30,6550200,55.32
2006-01-17,100.05,100.05,100.05,100.05,000,58.08
2006-01-16,105.00,105.00,97.90,100.05,3035500,58.08
2006-01-13,99.00,101.30,98.50,99.45,2622700,57.73
2006-01-12,98.00,100.80,96.25,99.80,6625000,57.93
2006-01-11,97.85,97.85,97.85,97.85,000,56.80
2006-01-10,96.50,101.70,96.00,97.85,5188100,56.80
2006-01-09,96.05,98.00,95.35,96.50,2142900,56.02
2006-01-06,98.50,102.00,95.30,96.05,3844300,55.76
2006-01-05,94.00,97.55,93.15,96.25,4551500,55.87
2006-01-04,86.20,94.90,86.20,93.80,5653800,54.45
2006-01-03,85.10,86.50,84.80,86.15,1482300,50.01
2006-01-02,84.00,85.75,83.75,84.60,722200,49.11
2005-12-30,84.00,84.70,83.00,83.80,622300,48.64
2005-12-29,84.00,85.20,82.60,83.20,1154500,48.30
2005-12-28,83.50,84.75,83.10,83.75,793900,48.62
2005-12-27,81.55,83.45,80.15,83.15,406300,48.27
2005-12-26,84.00,84.55,81.25,81.55,310100,47.34
2005-12-23,84.45,85.25,78.65,83.90,506700,48.70
2005-12-22,85.10,86.20,84.20,84.45,210100,49.02
2005-12-21,87.35,87.35,85.05,85.45,439300,49.60
2005-12-20,87.50,87.85,85.55,86.75,565000,50.36
2005-12-19,87.15,87.95,86.60,87.55,1042500,50.82
2005-12-16,84.50,87.10,84.50,86.70,1685500,50.33
2005-12-15,86.00,86.80,84.10,85.10,1490000,49.40
2005-12-14,84.65,86.00,84.50,85.50,1027500,49.63
2005-12-13,82.60,85.00,82.20,84.40,1323700,48.99
2005-12-12,82.00,83.20,81.55,82.60,698300,47.95
2005-12-09,81.60,83.20,81.40,82.35,458100,47.80
2005-12-08,82.40,82.40,80.60,81.30,357100,47.19
2005-12-07,82.60,83.00,81.35,81.75,367900,47.45
2005-12-06,82.25,83.05,80.70,82.10,860400,47.66
2005-12-05,88.80,88.80,81.40,81.95,1286800,47.57
2005-12-02,85.70,85.70,83.35,84.80,713700,49.22
2005-12-01,84.00,85.80,82.20,84.10,1445400,48.82
2005-11-30,87.25,87.40,83.90,84.35,819200,48.96
2005-11-29,87.60,89.00,85.40,86.70,917100,50.33
2005-11-28,85.30,87.60,85.30,87.00,1562400,50.50
2005-11-25,81.90,84.20,81.75,83.85,1230500,48.67
2005-11-24,79.00,82.90,79.00,81.20,1754100,47.14
2005-11-23,81.50,81.85,80.50,81.30,1039400,47.19
2005-11-22,82.00,82.50,80.05,80.65,916000,46.82
2005-11-21,83.60,83.60,81.00,81.55,711300,47.34
2005-11-18,83.50,84.50,82.65,83.00,924000,48.18
2005-11-17,83.00,84.90,82.40,83.40,998400,48.41
2005-11-16,81.00,83.80,80.50,83.15,2012100,48.27
2005-11-15,80.55,80.55,80.55,80.55,000,46.76
2005-11-14,80.20,81.50,78.60,80.55,1726700,46.76
2005-11-11,79.00,79.60,78.05,79.20,1425400,45.97
2005-11-10,79.50,79.70,78.05,78.65,1430600,45.65
2005-11-09,76.50,79.50,76.50,78.55,2061200,45.60
2005-11-08,75.50,79.80,75.10,77.25,2468300,44.84
2005-11-07,74.00,76.30,72.85,75.40,2995900,43.77
2005-11-04,73.90,73.90,73.90,73.90,000,42.90
2005-11-03,73.90,73.90,73.90,73.90,000,42.90
2005-11-02,75.00,76.00,72.20,73.90,1416200,42.90
2005-11-01,74.60,74.60,74.60,74.60,000,43.30
2005-10-31,72.10,75.15,72.10,74.60,1369000,43.30
2005-10-28,77.00,77.60,70.85,72.10,2410900,41.85
2005-10-27,77.95,79.40,76.00,76.40,4713100,44.35
2005-10-26,81.00,81.40,76.05,76.90,2208900,44.64
2005-10-25,76.55,80.95,76.50,80.20,2298400,46.55
2005-10-24,80.00,80.90,76.30,77.00,691100,44.70
2005-10-21,74.20,80.50,72.55,79.45,2818000,46.12
2005-10-20,79.65,87.00,76.50,78.00,1651100,45.28
2005-10-19,82.00,82.60,76.25,79.60,1625500,46.21
2005-10-18,83.40,84.95,82.00,82.45,924100,47.86
2005-10-17,84.00,84.70,81.10,83.75,1251400,48.62
2005-10-14,84.25,85.00,82.30,83.35,1634300,48.38
2005-10-13,87.25,87.50,83.55,84.55,1764400,49.08
2005-10-12,86.65,86.65,86.65,86.65,000,50.30
2005-10-11,84.00,87.10,81.30,86.65,4153900,50.30
2005-10-10,86.00,88.00,83.25,83.75,1865700,48.62
2005-10-07,88.30,89.40,85.10,86.90,1357800,50.44
2005-10-06,91.10,91.10,81.25,88.45,1004500,51.34
2005-10-05,89.10,91.45,87.25,89.90,2066500,52.19
2005-10-04,87.30,90.00,86.75,88.85,2023600,51.58
2005-10-03,86.00,88.15,86.00,87.30,1222300,50.68
2005-09-30,83.65,87.90,79.00,86.55,2139800,50.24
2005-09-29,84.00,85.40,83.05,83.75,1568900,48.62
2005-09-28,83.00,84.25,82.50,83.75,993700,48.62
2005-09-27,83.10,85.70,81.35,82.70,2272900,48.01
2005-09-26,81.55,84.85,81.55,84.35,980700,48.96
2005-09-23,83.00,84.95,80.00,82.25,1733000,47.74
2005-09-22,85.45,87.80,81.50,83.50,4446900,48.47
2005-09-21,85.65,85.65,85.65,85.65,000,49.72
2005-09-20,86.25,86.95,85.00,85.65,1905400,49.72
2005-09-19,84.15,87.50,83.60,86.90,1868700,50.44
2005-09-16,84.60,85.00,83.10,84.55,712300,49.08
2005-09-15,84.55,85.70,84.00,84.60,1104400,49.11
2005-09-14,84.00,85.55,81.50,84.50,2658600,49.05
2005-09-13,82.00,85.15,80.55,84.35,3140700,48.96
2005-09-12,81.00,81.80,80.60,81.50,1130800,47.31
2005-09-09,78.05,81.20,78.05,80.55,1694500,46.76
2005-09-08,79.95,79.95,78.75,79.20,612500,45.97
2005-09-07,79.00,79.00,79.00,79.00,000,45.86
2005-09-06,79.90,79.95,78.55,79.00,607100,45.86
2005-09-05,81.00,81.00,78.80,79.40,1919000,46.09
2005-09-02,78.10,79.95,77.05,78.90,1249500,45.80
2005-09-01,78.50,80.85,78.30,78.75,1737700,45.71
2005-08-31,73.55,78.60,73.55,77.55,1780800,45.02
2005-08-30,74.00,75.35,73.80,74.10,838700,43.01
2005-08-29,75.50,75.70,72.00,73.70,883000,42.78
2005-08-26,76.50,77.40,74.25,75.05,1824000,43.57
2005-08-25,71.00,76.50,70.75,75.75,3653500,43.97
2005-08-24,71.00,71.85,69.10,70.75,1922200,41.07
2005-08-23,71.90,71.90,71.90,71.90,000,41.74
2005-08-22,75.00,75.00,70.25,71.90,1555800,41.74
2005-08-19,75.00,75.70,72.40,72.80,2328200,42.26
2005-08-18,77.20,78.20,74.35,74.85,1695700,43.45
2005-08-17,77.10,78.40,76.30,77.15,1108700,44.78
2005-08-16,78.85,78.85,76.30,77.15,1187900,44.78
2005-08-15,78.60,78.60,78.60,78.60,000,45.63
2005-08-12,80.00,81.20,78.05,78.60,3886700,45.63
2005-08-11,78.25,80.45,78.20,79.80,6103200,46.32
2005-08-10,76.50,79.70,75.50,78.25,3304000,45.42
2005-08-09,76.00,77.85,74.25,75.60,4549300,43.88
2005-08-08,79.10,81.90,76.00,76.40,3354500,44.35
2005-08-05,77.50,81.75,76.85,80.70,6906700,46.84
2005-08-04,78.40,79.00,77.00,77.40,4235600,44.93
2005-08-03,74.50,79.15,74.00,77.75,11410100,45.13
2005-08-02,71.30,74.80,71.30,74.05,7048700,42.98
2005-08-01,68.30,73.80,66.60,71.30,12246200,41.39
2005-07-29,65.00,75.00,60.25,73.70,15972100,42.78
2005-07-28,65.15,65.15,65.15,65.15,000,37.82
2005-07-27,64.50,66.50,62.10,65.15,4044300,37.82
2005-07-26,67.60,67.60,65.25,66.05,1700600,38.34
2005-07-25,67.50,68.00,66.05,67.60,1566800,39.24
2005-07-22,65.00,68.00,64.85,67.40,1064300,39.12
2005-07-21,64.10,66.80,64.10,65.80,859800,38.20
2005-07-20,69.00,69.00,64.50,65.00,1417300,37.73
2005-07-19,64.30,70.40,63.50,67.50,4225600,39.18
2005-07-18,63.65,64.50,62.15,64.05,1981300,37.18
2005-07-15,62.50,64.00,62.00,63.70,2070200,36.98
2005-07-14,60.50,63.50,60.50,62.95,4083600,36.54
2005-07-13,60.70,61.50,60.00,61.05,3605200,35.44
2005-07-12,59.15,59.15,59.15,59.15,000,34.34
2005-07-11,57.05,59.80,57.00,59.15,4235600,34.34
2005-07-08,55.10,57.00,55.10,56.55,1477000,32.83
2005-07-07,57.00,57.00,55.05,55.90,2445300,32.45
2005-07-06,55.20,56.15,54.00,55.75,2088500,32.36
2005-07-05,56.50,56.85,50.00,54.20,1025500,31.46
2005-07-04,56.50,56.75,56.00,56.30,1714400,32.68
2005-07-01,55.35,55.35,55.35,55.35,000,32.13
2005-06-30,55.95,57.40,54.30,55.35,2724700,32.13
2005-06-29,55.90,56.50,55.25,55.60,614200,32.27
2005-06-28,55.90,56.85,54.70,55.00,1499400,31.93
2005-06-27,56.00,56.70,55.10,55.45,396500,32.19
2005-06-24,56.85,57.00,55.50,56.25,250900,32.65
2005-06-23,55.95,57.00,55.55,56.85,374900,33.00
2005-06-22,56.35,57.10,54.00,55.55,450200,32.25
2005-06-21,56.45,57.10,55.90,56.35,375100,32.71
2005-06-20,58.90,59.40,55.70,56.05,1030300,32.54
2005-06-17,57.70,59.20,55.60,58.50,1326100,33.96
2005-06-16,59.50,59.60,57.00,57.65,576300,33.46
2005-06-15,59.55,60.40,59.00,59.10,1592100,34.31
2005-06-14,58.00,59.60,57.50,59.05,1525700,34.28
2005-06-13,57.70,57.70,57.70,57.70,000,33.49
2005-06-10,59.50,59.85,57.20,57.70,873600,33.49
2005-06-09,57.25,60.20,57.00,58.95,2063700,34.22
2005-06-08,56.50,58.60,56.50,57.35,1430600,33.29
2005-06-07,55.50,57.35,54.80,57.00,869700,33.09
2005-06-06,54.95,55.40,54.35,54.80,359500,31.81
2005-06-03,53.65,53.65,53.65,53.65,000,31.14
2005-06-02,54.65,54.65,53.40,53.65,283200,31.14
2005-06-01,54.75,54.75,54.00,54.05,306900,31.38
2005-05-31,53.90,54.40,53.65,54.10,282900,31.40
2005-05-30,54.90,54.90,53.55,53.70,308100,31.17
2005-05-27,53.60,53.60,53.60,53.60,000,31.11
2005-05-26,55.05,55.90,52.90,53.60,1387300,31.11
2005-05-25,54.50,55.65,54.50,55.35,547000,32.13
2005-05-24,54.70,55.25,54.45,54.90,265700,31.87
2005-05-23,54.80,55.00,54.15,54.55,332700,31.67
2005-05-20,55.50,55.50,53.95,54.30,471300,31.52
2005-05-19,56.85,56.90,56.00,56.15,549200,31.78
2005-05-18,55.95,55.95,55.95,55.95,000,31.67
2005-05-17,56.40,57.40,55.80,55.95,764400,31.67
2005-05-16,56.80,57.40,56.50,57.20,551100,32.38
2005-05-13,57.20,57.20,55.90,56.85,669500,32.18
2005-05-12,56.90,57.60,55.80,56.85,768600,32.18
2005-05-11,56.30,56.60,55.40,56.10,1975800,31.75
2005-05-10,57.70,58.40,56.20,56.65,3185900,32.06
2005-05-09,54.00,57.45,52.30,56.90,8029600,32.21
2005-05-06,52.90,52.90,50.65,51.70,615100,29.26
2005-05-05,51.70,52.85,50.00,52.15,1225500,29.52
2005-05-04,48.70,50.10,48.40,49.75,523700,28.16
2005-05-03,47.10,48.95,46.75,48.30,790300,27.34
2005-05-02,48.95,49.40,46.05,47.60,1244300,26.94
2005-04-29,51.50,51.50,47.60,48.00,1315600,27.17
2005-04-28,54.20,54.20,50.65,51.25,1513000,29.01
2005-04-27,53.30,54.20,53.30,53.95,848100,30.54
2005-04-26,53.80,54.50,53.60,53.90,451600,30.51
2005-04-25,53.50,54.25,53.05,53.80,351000,30.45
2005-04-22,54.75,54.85,52.75,53.30,580400,30.17
2005-04-21,53.05,54.75,52.25,54.30,745700,30.73
2005-04-20,53.00,53.40,51.35,53.00,1179000,30.00
2005-04-19,53.55,54.45,52.00,52.25,623100,29.57
2005-04-18,53.95,54.45,50.00,53.00,819100,30.00
2005-04-15,55.05,55.20,52.50,53.75,482900,30.42
2005-04-14,55.75,55.75,55.75,55.75,000,31.56
2005-04-13,56.90,56.95,55.30,55.75,507700,31.56
2005-04-12,55.00,56.25,55.00,56.05,709600,31.72
2005-04-11,55.65,55.65,55.65,55.65,000,31.50
2005-04-08,55.00,56.50,54.50,55.65,1306300,31.50
2005-04-07,55.55,56.00,54.80,55.05,893500,31.16
2005-04-06,54.40,54.90,53.60,54.55,647500,30.88
2005-04-05,56.50,57.00,54.05,54.40,984000,30.79
2005-04-04,57.00,57.30,55.80,56.05,1059200,31.72
2005-04-01,54.00,56.00,53.60,55.70,919800,31.53
2005-03-31,54.60,55.30,53.20,53.55,1996800,30.31
2005-03-30,53.55,54.10,52.30,53.75,983500,30.42
2005-03-29,55.00,55.40,52.70,53.20,634800,30.11
2005-03-28,54.00,55.75,54.00,55.15,750100,31.22
2005-03-25,53.65,53.65,53.65,53.65,000,30.37
2005-03-24,54.00,54.70,52.30,53.65,1597000,30.37
2005-03-23,56.70,57.35,53.30,53.90,1234400,30.51
2005-03-22,59.50,59.50,56.35,56.70,739600,32.09
2005-03-21,60.50,60.50,58.80,59.20,1018500,33.51
2005-03-18,61.40,61.40,57.10,59.35,1705100,33.59
2005-03-17,62.30,62.30,62.30,62.30,000,35.26
2005-03-16,62.20,63.35,61.70,62.30,1755900,35.26
2005-03-15,61.60,62.70,60.90,61.55,1039700,34.84
2005-03-14,63.45,63.90,61.55,62.15,2010600,35.18
2005-03-11,63.45,65.10,62.60,62.90,3293000,35.60
2005-03-10,62.45,62.45,62.45,62.45,000,35.35
2005-03-09,64.90,65.30,60.65,62.45,3816000,35.35
2005-03-08,64.85,65.45,63.35,63.85,2942800,36.14
2005-03-07,62.00,65.80,62.00,63.50,4943600,35.94
2005-03-04,63.00,63.50,60.80,61.80,1915700,34.98
2005-03-03,62.00,63.35,60.75,62.55,4305600,35.40
2005-03-02,57.75,60.50,57.25,60.05,4053900,33.99
2005-03-01,58.10,58.95,56.90,57.90,1568000,32.43
2005-02-28,55.05,58.80,54.20,58.05,1953700,32.52
2005-02-25,56.25,56.25,54.90,55.30,731200,30.98
2005-02-24,57.80,57.80,55.30,55.70,3863000,31.20
2005-02-23,58.00,58.40,56.60,56.85,2141500,31.84
2005-02-22,54.10,58.10,53.80,57.65,2286900,32.29
2005-02-21,54.55,54.85,53.60,54.05,692400,30.28
2005-02-18,54.80,55.35,54.00,54.25,531700,30.39
2005-02-17,55.60,55.65,53.70,54.75,1015000,30.67
2005-02-16,51.55,57.15,51.55,55.35,742000,31.00
2005-02-15,57.00,57.00,55.70,56.05,581100,31.40
2005-02-14,57.80,58.50,56.55,56.90,1424800,31.87
2005-02-11,57.00,57.80,56.80,57.30,848300,32.10
2005-02-10,58.90,69.00,56.80,57.20,1198000,32.04
2005-02-09,56.85,57.80,56.60,57.50,937700,32.21
2005-02-08,58.00,58.00,55.80,56.30,1375200,31.54
2005-02-07,58.05,58.85,56.30,56.60,1057300,31.70
2005-02-04,58.80,59.40,56.60,58.00,2844000,32.49
2005-02-03,54.85,58.20,54.50,57.65,4006500,32.29
2005-02-02,53.90,55.50,53.40,54.40,1732600,30.47
2005-02-01,54.75,54.75,52.85,53.60,1849500,30.02
2005-01-31,53.00,54.00,52.60,53.40,1610100,29.91
2005-01-28,49.45,53.10,49.00,52.50,4414300,29.41
2005-01-27,50.20,51.50,47.65,48.45,3963500,27.14
2005-01-26,49.70,49.70,49.70,49.70,000,27.84
2005-01-25,48.50,50.25,45.05,49.70,2807700,27.84
2005-01-24,52.65,52.65,52.65,52.65,000,29.49
2005-01-21,52.65,52.65,52.65,52.65,000,29.49
2005-01-20,54.50,54.90,51.30,52.65,1265900,29.49
2005-01-19,56.25,56.25,54.20,54.65,1004200,30.61
2005-01-18,60.00,60.00,54.65,55.75,1528400,31.23
2005-01-17,56.20,57.25,54.10,56.25,2550300,31.51
2005-01-14,57.90,58.60,54.30,55.15,3911100,30.89
2005-01-13,52.00,57.00,52.00,56.30,3944000,31.54
2005-01-12,57.25,58.40,50.00,51.45,2677200,28.82
2005-01-11,60.50,60.70,56.90,57.70,1829800,32.32
2005-01-10,67.00,67.00,59.50,60.10,1381100,33.66
2005-01-07,60.55,62.90,60.55,61.85,1455600,34.64
2005-01-06,65.00,65.00,59.50,61.15,3534300,34.25
2005-01-05,66.10,67.75,56.00,62.55,4671000,35.04
2005-01-04,65.50,65.90,62.60,65.45,1968800,36.66
2005-01-03,64.45,66.15,63.50,65.05,3121900,36.44
2004-12-31,61.90,64.20,61.60,63.45,2977700,35.54
2004-12-30,61.05,63.15,61.00,61.50,4865700,34.45
2004-12-29,61.50,61.70,59.90,60.90,1866200,34.11
2004-12-28,61.35,61.35,61.35,61.35,000,34.36
2004-12-27,60.00,62.95,59.00,61.35,3856900,34.36
2004-12-24,60.45,65.25,59.30,60.35,14706800,33.80
2004-12-23,50.10,60.50,50.00,59.15,14147700,33.13
2004-12-22,49.00,50.30,48.70,49.50,1973300,27.73
2004-12-21,47.95,48.70,47.50,48.50,668100,27.17
2004-12-20,47.85,48.60,47.60,47.75,518300,26.75
2004-12-17,48.95,48.95,47.40,47.65,622500,26.69
2004-12-16,48.50,48.50,47.70,48.15,861800,26.97
2004-12-15,48.40,49.10,48.10,48.25,1830400,27.03
2004-12-14,47.80,48.25,47.30,48.10,1665200,26.94
2004-12-13,46.75,46.75,46.75,46.75,000,26.19
2004-12-10,48.00,48.00,46.00,46.75,958000,26.19
2004-12-09,47.55,48.00,46.85,47.70,1310200,26.72
2004-12-08,47.80,48.70,47.45,47.65,1097000,26.69
2004-12-07,48.70,48.70,47.50,47.80,1325300,26.77
2004-12-06,48.90,49.50,47.75,48.10,1854500,26.94
2004-12-03,48.90,48.95,47.00,48.10,2504300,26.94
2004-12-02,47.00,48.25,46.70,48.05,2569000,26.91
2004-12-01,45.40,46.75,44.10,46.40,3748100,25.99
2004-11-30,44.90,45.70,44.05,44.85,2355200,25.12
2004-11-29,43.25,44.30,42.95,44.05,1868300,24.67
2004-11-26,42.75,42.75,42.75,42.75,000,23.95
2004-11-25,42.20,44.00,41.50,42.75,2745900,23.95
2004-11-24,42.00,42.90,41.55,42.05,1739300,23.55
2004-11-23,42.10,42.65,41.55,42.00,1076900,23.53
2004-11-22,41.70,42.45,40.50,41.95,1361300,23.50
2004-11-19,42.55,42.55,42.55,42.55,000,23.83
2004-11-18,41.45,42.95,41.10,42.55,2806000,23.83
2004-11-17,38.45,41.40,38.30,40.80,2316300,22.85
2004-11-16,37.60,38.20,37.00,38.05,915700,21.31
2004-11-15,37.10,37.10,37.10,37.10,000,20.78
2004-11-12,37.00,37.45,37.00,37.10,75300,20.78
2004-11-11,36.80,37.45,36.80,37.00,411900,20.73
2004-11-10,38.90,38.90,36.90,37.00,375800,20.73
2004-11-09,37.50,38.00,36.80,36.95,343800,20.70
2004-11-08,38.10,38.15,37.55,37.60,453100,21.06
2004-11-05,37.40,37.80,36.80,37.60,492400,21.06
2004-11-04,37.60,38.00,37.25,37.35,506200,20.92
2004-11-03,36.90,37.45,36.50,37.30,507500,20.89
2004-11-02,36.10,36.70,36.00,36.45,364800,20.42
2004-11-01,35.65,35.95,35.10,35.70,221200,20.00
2004-10-29,34.90,34.90,34.90,34.90,000,19.55
2004-10-28,36.30,36.45,34.50,34.90,496000,19.55
2004-10-27,36.00,36.25,35.55,35.95,344500,20.14
2004-10-26,35.95,36.50,35.55,35.95,363000,20.14
2004-10-25,37.00,37.00,35.50,35.60,349700,19.94
2004-10-22,36.80,36.80,36.80,36.80,000,20.61
2004-10-21,37.30,37.30,36.70,36.80,236700,20.61
2004-10-20,37.80,37.80,36.80,36.95,448100,20.70
2004-10-19,36.85,37.80,36.65,37.40,1207400,20.95
2004-10-18,40.40,40.40,37.05,38.40,724100,21.51
2004-10-15,39.50,39.50,39.50,39.50,000,22.13
2004-10-14,40.35,40.35,39.00,39.50,245800,22.13
2004-10-13,39.85,39.85,39.85,39.85,000,22.32
2004-10-12,41.35,41.35,39.70,39.85,415000,22.32
2004-10-11,41.65,41.80,41.00,41.15,814000,23.05
2004-10-08,41.35,41.35,41.35,41.35,000,23.16
2004-10-07,41.05,42.25,40.85,41.35,1143600,23.16
2004-10-06,42.50,43.30,40.80,41.10,1639800,23.02
2004-10-05,40.40,42.40,39.90,42.05,1262300,23.55
2004-10-04,40.30,40.45,39.55,40.05,768800,22.43
2004-10-01,38.55,39.60,38.10,39.30,345700,22.01
2004-09-30,38.60,39.65,38.40,38.65,441800,21.65
2004-09-29,39.10,39.45,38.20,38.95,322100,21.82
2004-09-28,38.70,39.25,38.50,38.65,326700,21.65
2004-09-27,40.00,40.00,38.40,38.80,434300,21.73
2004-09-24,39.75,40.10,39.00,39.45,865400,22.10
2004-09-23,40.10,40.90,39.10,39.40,1769600,22.07
2004-09-22,37.90,39.75,37.60,39.55,1546700,22.15
2004-09-21,37.40,37.95,37.25,37.70,338600,21.12
2004-09-20,38.00,38.00,37.50,37.60,291600,21.06
2004-09-17,37.35,38.05,37.35,37.75,636500,21.15
2004-09-16,36.55,37.40,36.50,37.20,250000,20.84
2004-09-15,36.90,37.35,36.55,36.80,264600,20.61
2004-09-14,36.15,36.90,35.90,36.70,278300,20.56
2004-09-13,36.90,36.90,36.25,36.35,379700,20.36
2004-09-10,36.95,36.95,36.95,36.95,000,20.70
2004-09-09,37.90,37.90,36.60,36.95,420600,20.70
2004-09-08,39.00,39.00,37.65,37.70,442300,21.12
2004-09-07,37.75,38.10,37.50,38.00,512600,21.29
2004-09-06,37.80,38.15,37.45,37.55,609300,21.03
2004-09-03,37.25,37.80,36.90,37.60,916000,21.06
2004-09-02,36.90,37.40,36.35,36.70,890800,20.56
2004-09-01,35.50,36.20,35.50,36.15,456200,20.25
2004-08-31,35.15,36.20,35.15,35.70,187100,20.00
2004-08-30,35.60,35.95,35.50,35.85,231200,20.08
2004-08-27,35.50,35.65,35.00,35.20,328700,19.72
2004-08-26,36.00,36.00,35.00,35.10,414600,19.66
2004-08-25,33.20,35.45,32.70,35.20,426400,19.72
2004-08-24,33.50,34.10,33.40,33.90,269900,18.99
2004-08-23,35.00,35.00,33.55,33.70,382000,18.88
2004-08-20,35.10,35.40,34.80,35.05,244300,19.63
2004-08-19,35.60,35.80,34.80,35.50,447400,19.89
2004-08-18,37.00,37.00,35.20,35.40,611400,19.83
2004-08-17,35.50,35.90,35.45,35.70,194200,20.00
2004-08-16,36.00,36.00,34.75,35.50,210900,19.89
2004-08-13,35.00,36.20,34.80,35.80,353900,20.05
2004-08-12,35.65,35.65,35.65,35.65,000,19.97
2004-08-11,35.95,36.35,35.45,35.65,555300,19.97
2004-08-10,36.30,36.75,35.80,36.30,920100,20.33
2004-08-09,35.65,36.25,35.25,36.05,573100,20.19
2004-08-06,35.70,36.35,35.60,35.80,1170400,20.05
2004-08-05,39.00,39.00,35.40,35.80,330300,20.05
2004-08-04,35.25,35.60,35.05,35.40,436600,19.83
2004-08-03,35.50,35.60,35.00,35.35,455500,19.80
2004-08-02,35.90,35.90,35.10,35.20,167800,19.72
2004-07-30,35.50,36.10,35.30,35.60,474700,19.94
2004-07-29,35.00,35.80,34.60,35.55,752500,19.91
2004-07-28,34.95,35.10,34.10,34.80,672400,19.49
2004-07-27,36.15,36.15,36.15,36.15,000,20.25
2004-07-26,34.80,36.75,33.50,36.15,1275100,20.25
2004-07-23,36.00,36.15,35.10,35.45,566700,19.86
2004-07-22,35.00,36.20,35.00,35.60,940100,19.94
2004-07-21,34.85,35.35,34.10,34.65,538600,19.41
2004-07-20,35.65,35.65,34.75,35.05,695600,19.63
2004-07-19,35.40,36.25,34.80,35.20,1544200,19.72
2004-07-16,33.50,34.70,33.10,34.40,817700,19.27
2004-07-15,32.90,33.65,32.50,33.35,655100,18.68
2004-07-14,32.35,32.95,31.90,32.70,575500,18.32
2004-07-13,32.50,32.50,31.55,32.05,287800,17.95
2004-07-12,31.45,32.40,31.20,31.95,461900,17.90
2004-07-09,30.45,31.50,29.00,31.30,675800,17.53
2004-07-08,32.90,33.25,30.80,31.00,905000,17.36
2004-07-07,33.30,33.60,32.55,32.70,606400,18.32
2004-07-06,32.50,33.25,32.00,33.10,460100,18.54
2004-07-05,33.40,33.90,32.50,32.70,414800,18.32
2004-07-02,33.60,34.10,33.15,33.60,973200,18.82
2004-07-01,32.90,34.10,32.50,33.90,1430200,18.99
2004-06-30,33.00,33.30,32.25,32.45,679400,18.18
2004-06-29,32.60,33.60,32.05,32.65,1358700,18.29
2004-06-28,31.40,32.60,31.25,32.45,882300,18.18
2004-06-25,31.00,31.70,30.35,31.35,830100,17.56
2004-06-24,30.70,31.15,28.90,30.85,1911900,17.28
2004-06-23,31.95,32.20,30.50,30.55,728100,17.11
2004-06-22,32.50,32.50,31.65,31.95,640000,17.90
2004-06-21,33.00,33.75,32.10,32.35,574200,18.12
2004-06-18,34.50,34.70,33.45,33.60,793100,18.82
2004-06-17,33.70,34.60,33.15,34.40,704600,19.27
2004-06-16,34.90,34.90,33.70,33.85,771700,18.96
2004-06-15,32.20,34.70,32.20,34.25,983500,19.18
2004-06-14,34.25,34.25,32.70,32.95,672900,18.46
2004-06-11,35.30,35.45,34.05,34.25,705100,19.18
2004-06-10,35.75,36.00,35.20,35.45,587700,19.86
2004-06-09,35.30,36.45,35.30,35.95,1698700,20.14
2004-06-08,36.05,36.25,35.15,35.55,829300,19.91
2004-06-07,35.75,36.40,35.30,35.80,1352000,20.05
2004-06-04,34.55,35.75,34.00,35.30,1011000,19.77
2004-06-03,36.00,37.00,34.50,34.65,2299400,19.41
2004-06-02,34.20,35.90,33.85,35.35,1442700,19.80
2004-06-01,34.00,34.90,33.55,33.80,1160600,18.93
2004-05-31,32.00,34.50,32.00,33.15,2083500,18.57
2004-05-28,37.40,37.40,35.00,35.15,1592100,19.69
2004-05-27,39.05,39.05,37.50,37.80,1804500,21.17
2004-05-26,39.50,40.25,38.80,39.05,1415900,21.87
2004-05-25,39.00,39.95,38.20,39.45,1572600,22.10
2004-05-24,41.40,41.40,39.25,39.60,1968800,22.18
2004-05-21,40.00,40.25,37.60,39.85,3329700,22.32
2004-05-20,42.00,42.90,38.50,40.60,4281400,22.74
2004-05-19,37.00,41.25,37.00,40.85,5136900,22.88
2004-05-18,30.00,38.00,30.00,36.50,3904300,19.89
2004-05-17,35.00,35.00,23.10,30.00,3481800,16.34
2004-05-14,44.70,44.70,32.50,35.05,6479500,19.10
2004-05-13,42.00,46.10,38.35,44.25,5346300,24.11
2004-05-12,46.65,48.40,42.25,43.55,7251400,23.73
2004-05-11,51.00,51.00,45.55,46.65,3396500,25.41
2004-05-10,52.50,52.50,50.60,51.60,2704600,28.11
2004-05-07,53.00,55.90,52.60,53.30,5522200,29.04
2004-05-06,53.80,54.70,51.90,54.05,13159300,29.45
2004-05-05,52.80,53.80,51.30,52.35,5145400,28.52
2004-05-04,48.95,52.35,48.50,51.65,5483400,28.14
2004-05-03,49.25,49.65,45.50,48.15,3500600,26.23
2004-04-30,49.45,51.30,49.10,49.70,4023100,27.08
2004-04-29,49.45,51.50,48.55,49.15,5628200,26.78
2004-04-28,48.85,50.05,46.25,49.30,5303400,26.86
2004-04-27,54.45,54.45,48.90,49.25,4055500,26.83
2004-04-26,55.25,55.25,55.25,55.25,000,30.10
2004-04-23,54.80,56.70,54.30,55.25,3855000,30.10
2004-04-22,52.00,54.55,51.80,54.05,5367000,29.45
2004-04-21,49.80,51.90,48.00,51.75,3326100,28.19
2004-04-20,50.95,51.00,48.75,49.45,2982900,26.94
2004-04-19,50.80,52.40,49.50,50.35,3623900,27.43
2004-04-16,48.05,48.05,48.05,48.05,000,26.18
2004-04-15,47.35,49.00,46.10,48.05,3341200,26.18
2004-04-14,46.85,46.85,46.85,46.85,000,25.52
2004-04-13,45.90,47.40,43.75,46.85,2491600,25.52
2004-04-12,44.50,45.85,44.50,45.05,1708100,24.54
2004-04-09,43.90,43.90,43.90,43.90,000,23.92
2004-04-08,43.00,44.30,42.10,43.90,2198500,23.92
2004-04-07,49.15,49.15,41.65,42.30,979200,23.04
2004-04-06,42.20,42.65,40.65,41.45,916000,22.58
2004-04-05,41.90,42.85,41.80,42.00,1065100,22.88
2004-04-02,40.65,41.70,40.05,41.35,1104000,22.53
2004-04-01,39.50,40.50,39.50,40.25,824600,21.93
2004-03-31,38.20,39.70,38.00,39.35,646900,21.44
2004-03-30,39.95,41.00,38.25,38.45,406100,20.95
2004-03-29,38.40,39.35,37.75,39.15,555200,21.33
2004-03-26,36.70,38.00,36.20,37.85,562000,20.62
2004-03-25,34.50,36.75,34.30,36.20,485600,19.72
2004-03-24,35.00,35.25,34.10,35.00,366500,19.07
2004-03-23,35.00,35.90,33.15,34.60,542000,18.85
2004-03-22,36.25,36.60,35.00,35.40,283300,19.29
2004-03-19,35.90,36.90,35.30,36.50,365800,19.89
2004-03-18,36.75,36.80,35.65,35.85,252600,19.53
2004-03-17,36.70,36.75,36.15,36.55,205800,19.91
2004-03-16,36.50,36.85,35.95,36.05,273800,19.64
2004-03-15,37.90,38.90,36.35,36.65,294600,19.97
2004-03-12,37.05,38.00,37.00,37.80,302200,20.59
2004-03-11,38.25,38.50,37.40,37.60,295800,20.48
2004-03-10,39.30,39.30,38.35,38.50,311300,20.97
2004-03-09,40.00,40.40,38.65,39.20,625400,21.36
2004-03-08,38.95,40.00,38.25,39.90,804900,21.74
2004-03-05,37.70,38.70,37.35,38.55,820700,21.00
2004-03-04,37.50,38.05,37.20,37.60,346000,20.48
2004-03-03,37.90,38.50,37.50,38.00,690500,20.70
2004-03-02,38.10,38.10,38.10,38.10,000,20.76
2004-03-01,37.40,38.25,36.75,38.10,727100,20.76
2004-02-27,36.60,37.10,35.80,36.85,679600,20.08
2004-02-26,36.40,37.45,36.40,36.80,1140800,20.05
2004-02-25,37.45,37.45,36.40,36.70,665300,19.99
2004-02-24,36.10,37.20,36.00,36.90,925900,20.10
2004-02-23,37.50,37.85,36.10,36.70,848600,19.99
2004-02-20,36.00,37.60,35.40,37.25,1453600,20.29
2004-02-19,39.00,39.00,36.10,36.50,1547000,19.89
2004-02-18,38.70,39.40,37.75,38.00,923200,20.70
2004-02-17,37.50,38.85,37.00,38.65,1825300,21.06
2004-02-16,36.50,38.30,36.15,37.55,1021200,20.46
2004-02-13,37.00,37.15,36.25,36.95,693600,20.13
2004-02-12,36.95,37.60,36.10,36.90,1148100,20.10
2004-02-11,36.15,37.00,35.80,36.50,862000,19.89
2004-02-10,37.00,37.00,35.50,35.90,1030000,19.56
2004-02-09,35.10,36.75,34.50,36.50,1322000,19.89
2004-02-06,34.00,34.80,33.45,34.40,815200,18.74
2004-02-05,33.05,34.65,33.05,33.55,1084200,18.28
2004-02-04,33.05,33.75,31.50,33.35,1142300,18.17
2004-02-03,34.80,34.80,31.60,32.00,697800,17.43
2004-02-02,34.50,34.50,34.50,34.50,000,18.80
2004-01-30,35.90,35.90,34.30,34.50,769900,18.80
2004-01-29,36.90,36.90,34.90,35.40,1396400,19.29
2004-01-28,37.50,38.00,36.05,36.35,1144100,19.80
2004-01-27,36.50,38.00,35.80,37.80,1205700,20.59
2004-01-26,35.60,35.60,35.60,35.60,000,19.39
2004-01-23,33.05,35.95,33.05,35.60,1530800,19.39
2004-01-22,35.05,36.20,32.50,33.05,1886100,18.01
2004-01-21,39.20,39.20,34.50,35.15,1955900,19.15
2004-01-20,42.10,43.90,38.50,39.20,3572100,21.36
2004-01-19,42.50,42.65,39.10,41.95,1323600,22.85
2004-01-16,44.15,44.15,41.00,41.60,1135200,22.66
2004-01-15,45.25,45.90,43.90,44.35,1559900,24.16
2004-01-14,44.00,45.00,44.00,44.65,1569400,24.33
2004-01-13,43.50,43.95,42.80,43.70,1299800,23.81
2004-01-12,45.80,45.80,42.50,42.95,1302300,23.40
2004-01-09,42.80,44.10,42.50,43.05,1766900,23.45
2004-01-08,41.00,42.60,40.65,42.30,1130000,23.04
2004-01-07,41.80,42.00,40.00,40.55,1927500,22.09
2004-01-06,43.80,44.20,40.00,41.80,2298900,22.77
2004-01-05,43.50,43.75,42.15,43.45,2342100,23.67
2004-01-02,41.25,42.50,40.50,41.70,2042200,22.72
2004-01-01,38.60,40.85,38.60,40.45,2390600,22.04
2003-12-31,38.35,38.75,37.50,38.30,1387700,20.87
2003-12-30,39.40,40.85,37.00,37.80,1968500,20.59
2003-12-29,37.00,39.00,37.00,38.85,1983600,21.17
2003-12-26,35.50,36.70,35.15,36.45,1476600,19.86
2003-12-25,35.00,35.00,35.00,35.00,000,19.07
2003-12-24,34.30,35.25,33.85,35.00,1827300,19.07
2003-12-23,35.30,35.45,33.60,34.00,2144000,18.52
2003-12-22,31.90,34.65,31.90,34.40,2337100,18.74
2003-12-19,32.60,32.95,32.30,32.45,655600,17.68
2003-12-18,32.20,32.75,31.65,32.35,1144200,17.62
2003-12-17,32.75,32.75,31.85,32.00,639500,17.43
2003-12-16,32.85,32.90,32.00,32.40,862400,17.65
2003-12-15,33.00,33.20,32.25,32.85,1127600,17.90
2003-12-12,32.50,33.20,32.40,32.65,1674800,17.79
2003-12-11,31.30,32.25,31.05,32.00,1265700,17.43
2003-12-10,31.45,31.60,31.05,31.10,412300,16.94
2003-12-09,31.25,31.55,31.10,31.25,543700,17.02
2003-12-08,31.80,31.80,31.00,31.10,503500,16.94
2003-12-05,31.50,32.35,31.00,31.15,723900,16.97
2003-12-04,31.50,32.25,31.25,31.55,697900,17.19
2003-12-03,32.35,32.35,31.70,31.75,869100,17.30
2003-12-02,31.25,32.20,30.85,31.75,1706800,17.30
2003-12-01,31.00,32.20,30.60,31.15,919000,16.97
2003-11-28,29.95,30.60,29.65,30.45,909000,16.59
2003-11-27,30.50,30.50,29.55,29.70,1499100,16.18
2003-11-26,30.00,30.00,30.00,30.00,000,16.34
2003-11-25,30.05,30.50,29.85,30.00,624100,16.34
2003-11-24,29.80,30.00,29.30,29.90,456300,16.29
2003-11-21,30.00,30.00,28.65,29.15,802600,15.88
2003-11-20,31.00,31.50,30.00,30.10,716200,16.40
2003-11-19,31.90,31.90,30.80,31.00,506400,16.89
2003-11-18,31.50,32.10,31.05,31.20,453900,17.00
2003-11-17,32.35,32.35,31.35,31.80,540200,17.32
2003-11-14,33.50,33.50,33.50,33.50,000,17.71
2003-11-13,33.95,34.25,33.30,33.50,682200,17.71
2003-11-12,33.50,34.05,33.05,33.70,713100,17.81
2003-11-11,33.10,33.80,33.00,33.25,575700,17.57
2003-11-10,33.00,33.45,32.75,33.10,286500,17.49
2003-11-07,33.80,33.80,33.10,33.25,638700,17.57
2003-11-06,34.00,34.00,33.50,33.60,683000,17.76
2003-11-05,33.90,34.10,33.45,33.85,1206500,17.89
2003-11-04,33.60,34.15,33.50,33.80,1518300,17.86
2003-11-03,33.00,34.75,33.00,33.50,1861800,17.71
2003-10-31,33.40,34.20,33.00,34.00,2114500,17.97
2003-10-30,32.90,34.30,32.40,33.60,4882400,17.76
2003-10-29,32.95,33.25,32.00,32.65,1244500,17.26
2003-10-28,33.25,33.25,32.00,32.20,1357200,17.02
2003-10-27,33.45,33.70,32.60,32.80,1538200,17.34
2003-10-24,32.20,32.20,32.20,32.20,000,17.02
2003-10-23,32.05,32.95,31.80,32.20,1539300,17.02
2003-10-22,33.00,33.25,31.25,32.20,2438100,17.02
2003-10-21,36.00,36.00,32.10,32.45,4127300,17.15
2003-10-20,33.00,35.10,33.00,33.50,7645800,17.71
2003-10-17,32.00,33.20,30.75,32.70,4948900,17.28
2003-10-16,30.25,31.35,30.25,31.10,2413100,16.44
2003-10-15,29.90,30.25,29.25,29.85,1069500,15.78
2003-10-14,30.90,30.90,29.55,29.75,2426000,15.72
2003-10-13,29.90,30.70,28.75,30.25,2334600,15.99
2003-10-10,30.70,30.70,29.45,29.60,1383100,15.64
2003-10-09,30.40,30.75,30.05,30.30,2540800,16.01
2003-10-08,29.35,30.20,29.15,29.90,2490300,15.80
2003-10-07,30.25,30.25,29.05,29.15,1555100,15.41
2003-10-06,29.10,30.20,28.85,29.60,3732200,15.64
2003-10-03,29.10,29.20,28.75,28.90,1416700,15.27
2003-10-02,28.80,28.80,28.80,28.80,000,15.22
2003-10-01,28.50,29.85,28.50,28.80,2220600,15.22
2003-09-30,28.80,29.10,28.05,28.95,2801500,15.30
2003-09-29,27.50,28.70,27.30,28.35,2781800,14.98
2003-09-26,27.10,27.30,26.45,27.10,1031000,14.32
2003-09-25,26.70,27.10,26.25,26.60,887300,14.06
2003-09-24,25.90,26.80,25.75,26.60,1417600,14.06
2003-09-23,24.95,25.45,24.70,25.25,473000,13.35
2003-09-22,25.80,25.95,24.70,25.25,556200,13.35
2003-09-19,24.30,25.40,24.05,25.20,1284000,13.32
2003-09-18,25.20,25.20,24.00,24.05,407400,12.71
2003-09-17,25.55,25.70,25.00,25.10,584100,13.27
2003-09-16,24.55,25.10,24.00,25.00,510700,13.21
2003-09-15,25.50,25.50,24.50,24.55,493900,12.98
2003-09-12,26.20,26.25,25.25,25.45,723200,13.45
2003-09-11,25.05,26.35,25.05,25.70,1075900,13.58
2003-09-10,25.25,25.45,24.90,25.05,844900,13.24
2003-09-09,25.70,25.75,25.00,25.10,578000,13.27
2003-09-08,25.60,26.25,25.40,25.55,631500,13.50
2003-09-05,25.85,26.20,22.15,25.70,623700,13.58
2003-09-04,26.55,26.80,25.75,26.05,728900,13.77
2003-09-03,27.50,27.55,26.45,26.55,997100,14.03
2003-09-02,27.65,27.85,26.75,27.25,1041000,14.40
2003-09-01,27.90,27.90,27.10,27.35,906100,14.46
2003-08-29,28.20,28.50,27.10,27.35,1446100,14.46
2003-08-28,29.00,29.30,28.00,28.20,3015900,14.90
2003-08-27,27.20,28.90,26.85,28.60,4044200,15.12
2003-08-26,26.10,26.95,25.25,26.80,1144700,14.16
2003-08-25,27.45,27.70,25.25,25.75,1482000,13.61
2003-08-22,27.10,27.70,26.60,26.85,1151000,14.19
2003-08-21,26.75,27.80,26.75,27.05,2203700,14.30
2003-08-20,26.45,26.85,25.90,26.65,1047200,14.09
2003-08-19,27.10,28.50,25.80,25.95,1965400,13.72
2003-08-18,26.35,26.40,25.80,25.90,844900,13.69
2003-08-15,25.90,25.90,25.90,25.90,000,13.69
2003-08-14,25.90,26.40,25.50,25.90,1648200,13.69
2003-08-13,25.25,25.55,24.90,25.15,1316600,13.29
2003-08-12,26.00,26.20,25.25,25.35,834600,13.40
2003-08-11,26.30,26.30,25.00,25.65,1170100,13.56
2003-08-08,26.20,26.20,25.80,25.95,817700,13.72
2003-08-07,25.70,26.30,25.40,25.60,1084200,13.53
2003-08-06,25.90,26.15,25.40,25.75,878000,13.61
2003-08-05,27.05,27.05,26.00,26.05,725100,13.77
2003-08-04,26.65,26.95,26.50,26.70,607400,14.11
2003-08-01,27.30,27.35,26.80,26.95,835200,14.24
2003-07-31,28.30,28.30,27.00,27.10,1572600,14.32
2003-07-30,26.50,28.15,26.50,28.00,2967100,14.80
2003-07-29,27.00,27.00,26.20,26.65,846700,14.09
2003-07-28,27.10,27.35,26.65,26.95,1440400,14.24
2003-07-25,26.65,27.20,26.45,26.80,1665300,14.16
2003-07-24,26.90,26.90,26.30,26.65,1403300,14.09
2003-07-23,26.55,26.80,25.90,26.45,1822100,13.98
2003-07-22,26.80,27.25,26.00,26.05,2766400,13.77
2003-07-21,28.75,28.80,27.00,27.15,2401900,14.35
2003-07-18,27.90,28.90,27.05,28.10,4472900,14.85
2003-07-17,29.80,30.15,27.65,28.00,6764500,14.80
2003-07-16,28.50,29.75,27.75,29.45,8906700,15.57
2003-07-15,28.75,29.00,27.15,28.10,8379300,14.85
2003-07-14,26.95,28.00,26.60,27.80,5673600,14.69
2003-07-11,25.90,27.20,25.65,26.35,3497000,13.93
2003-07-10,25.90,26.00,25.05,25.30,1536500,13.37
2003-07-09,25.55,27.20,25.30,25.55,2997000,13.50
2003-07-08,26.65,26.90,25.70,25.90,1568700,13.69
2003-07-07,27.95,27.95,26.00,26.50,1966100,14.01
2003-07-04,27.25,27.40,25.75,26.00,3267700,13.74
2003-07-03,24.75,27.90,24.35,26.85,8715900,14.19
2003-07-02,24.15,24.95,24.00,24.25,1473100,12.82
2003-07-01,26.80,26.80,23.60,24.05,1544200,12.71
2003-06-30,24.00,24.30,23.65,23.75,954500,12.55
2003-06-27,24.10,24.25,23.15,23.80,1290500,12.58
2003-06-26,24.40,24.60,23.60,23.70,1759400,12.53
2003-06-25,23.30,24.40,23.20,24.20,2457100,12.79
2003-06-24,23.00,23.20,22.75,23.05,740900,12.18
2003-06-23,23.15,23.70,22.85,23.05,1547100,12.18
2003-06-20,22.85,23.40,22.85,23.00,1394200,12.16
2003-06-19,22.30,22.85,22.10,22.60,1337400,11.94
2003-06-18,23.85,23.85,22.15,22.30,1069900,11.79
2003-06-17,22.40,23.40,22.40,23.05,2245500,12.18
2003-06-16,23.00,23.20,22.25,22.40,1559800,11.84
2003-06-13,24.10,24.35,23.00,23.10,1309100,12.21
2003-06-12,24.60,24.80,23.75,23.85,1675100,12.61
2003-06-11,23.00,24.25,22.80,24.10,2323100,12.74
2003-06-10,23.40,23.90,22.10,22.60,2272100,11.94
2003-06-09,25.05,25.80,24.20,24.30,1693300,12.84
2003-06-06,25.50,26.20,25.05,25.20,2205700,13.32
2003-06-05,27.50,28.00,25.30,25.55,6709300,13.50
2003-06-04,25.50,27.80,25.40,26.95,8959000,14.24
2003-06-03,26.00,26.00,23.50,25.15,3656300,13.29
2003-06-02,24.45,25.90,22.60,23.70,5367700,12.53
2003-05-30,28.00,28.35,26.70,26.85,5113400,14.19
2003-05-29,26.65,29.25,26.55,27.70,11598700,14.64
2003-05-28,24.65,26.50,24.30,26.10,6598000,13.79
2003-05-27,24.00,25.50,24.00,24.45,6273800,12.92
2003-05-26,23.90,24.10,23.10,23.85,1955100,12.61
2003-05-23,23.50,24.00,23.30,23.35,2229300,12.34
2003-05-22,23.25,23.65,22.50,23.25,1689400,12.29
2003-05-21,23.00,23.85,22.90,23.15,2689100,12.24
2003-05-20,24.00,24.25,23.00,24.05,1994700,11.92
2003-05-19,24.80,24.95,23.70,23.80,1850500,11.79
2003-05-16,25.75,25.90,24.10,24.80,5007800,12.29
2003-05-15,25.55,26.45,25.10,25.35,10269000,12.56
2003-05-14,24.80,25.50,24.60,25.20,3458800,12.49
2003-05-13,24.45,25.00,24.25,24.50,3892100,12.14
2003-05-12,23.50,24.60,23.15,24.05,5510900,11.92
2003-05-09,22.20,23.20,21.85,22.90,2567200,11.35
2003-05-08,22.75,22.90,21.90,22.15,1832700,10.98
2003-05-07,23.75,23.85,22.60,22.70,2001000,11.25
2003-05-06,23.50,24.30,23.10,23.50,4625800,11.65
2003-05-05,22.10,23.55,22.00,23.00,4762200,11.40
2003-05-02,21.20,21.85,21.15,21.70,1137700,10.75
2003-05-01,21.30,21.30,21.30,21.30,000,10.56
2003-04-30,21.10,21.55,20.80,21.30,1216100,10.56
2003-04-29,22.10,22.40,21.00,21.10,1775800,10.46
2003-04-28,20.60,22.00,20.60,21.90,2350600,10.85
2003-04-25,20.90,21.40,20.60,20.75,1039400,10.28
2003-04-24,20.15,21.35,20.15,20.95,1649700,10.38
2003-04-23,20.55,21.25,20.35,20.50,1530600,10.16
2003-04-22,21.80,21.80,18.10,20.85,1056200,10.33
2003-04-21,22.00,22.20,21.45,21.65,1142900,10.73
2003-04-18,21.85,21.85,21.85,21.85,000,10.83
2003-04-17,22.25,22.70,21.75,21.85,1552400,10.83
2003-04-16,22.45,22.85,22.00,22.45,1936700,11.13
2003-04-15,22.45,22.90,21.30,22.20,1941000,11.00
2003-04-14,22.05,22.05,22.05,22.05,000,10.93
2003-04-11,21.50,22.45,21.05,22.05,2145600,10.93
2003-04-10,21.75,21.95,20.50,21.25,3483800,10.53
2003-04-09,22.60,23.20,21.25,21.45,5164400,10.63
2003-04-08,20.60,22.65,20.20,22.30,7133800,11.05
2003-04-07,19.50,20.90,19.50,20.50,4788500,10.16
2003-04-04,18.90,19.45,18.50,19.30,2482300,9.56
2003-04-03,18.70,18.85,18.30,18.70,2029800,9.27
2003-04-02,17.20,18.45,17.10,18.35,2569100,9.09
2003-04-01,16.85,17.10,16.70,16.95,380800,8.40
2003-03-31,17.00,17.20,16.60,16.75,627000,8.30
2003-03-28,16.60,17.50,16.45,16.85,1711800,8.35
2003-03-27,16.20,17.00,16.10,16.40,1105900,8.13
2003-03-26,15.70,16.15,15.60,15.70,273900,7.78
2003-03-25,15.40,15.80,15.40,15.70,206100,7.78
2003-03-24,16.40,16.40,15.65,15.75,204900,7.81
2003-03-21,15.55,15.55,15.55,15.55,000,7.71
2003-03-20,15.00,15.65,15.00,15.55,294100,7.71
2003-03-19,15.30,15.45,15.25,15.25,188700,7.56
2003-03-18,15.10,15.10,15.10,15.10,000,7.48
2003-03-17,15.75,15.75,15.00,15.10,295000,7.48
2003-03-14,15.45,15.45,15.45,15.45,000,7.66
2003-03-13,15.50,15.60,15.25,15.45,190700,7.66
2003-03-12,15.40,15.75,15.30,15.40,283400,7.63
2003-03-11,15.15,15.45,15.05,15.35,377700,7.61
2003-03-10,15.65,15.85,15.45,15.50,249200,7.68
2003-03-07,16.05,16.20,15.70,15.80,387100,7.83
2003-03-06,16.30,16.50,16.05,16.20,225400,8.03
2003-03-05,16.10,16.40,16.05,16.35,350400,8.10
2003-03-04,16.60,16.60,16.30,16.50,280300,8.18
2003-03-03,16.40,16.95,16.40,16.60,322900,8.23
2003-02-28,17.20,17.25,16.25,16.35,927600,8.10
2003-02-27,16.35,16.90,16.30,16.70,469500,8.28
2003-02-26,16.80,17.10,16.40,16.50,480200,8.18
2003-02-25,17.10,17.25,16.90,16.95,358000,8.40
2003-02-24,17.30,17.50,17.15,17.25,386500,8.55
2003-02-21,17.25,17.25,17.00,17.05,365900,8.45
2003-02-20,17.40,17.55,17.05,17.20,768200,8.52
2003-02-19,17.00,17.45,16.85,17.25,620900,8.55
2003-02-18,16.80,17.00,16.60,16.80,600600,8.33
2003-02-17,16.25,16.60,16.15,16.50,506100,8.18
2003-02-14,16.20,16.35,15.75,15.85,399800,7.85
2003-02-13,16.40,16.40,16.40,16.40,000,8.13
2003-02-12,16.30,16.55,16.25,16.40,213900,8.13
2003-02-11,16.75,16.75,16.25,16.35,253200,8.10
2003-02-10,16.85,17.00,16.40,16.50,393000,8.18
2003-02-07,17.25,17.30,16.90,17.00,323300,8.42
2003-02-06,17.10,17.40,16.60,17.20,528600,8.52
2003-02-05,17.10,17.35,16.90,17.00,414600,8.42
2003-02-04,17.50,17.60,17.15,17.25,555500,8.55
2003-02-03,16.70,17.35,16.70,17.20,389600,8.52
2003-01-31,16.55,17.00,16.15,16.70,416000,8.28
2003-01-30,17.40,17.60,16.70,17.00,510800,8.42
2003-01-29,17.55,17.90,17.15,17.30,740700,8.57
2003-01-28,16.85,17.40,16.45,17.20,782400,8.52
2003-01-27,16.55,18.30,16.55,16.65,989700,8.25
2003-01-24,18.55,18.75,17.30,17.40,1199800,8.62
2003-01-23,18.90,19.15,18.20,18.45,1645200,9.14
2003-01-22,19.40,19.80,18.55,18.90,3199200,9.37
2003-01-21,18.25,19.25,18.10,19.05,3438400,9.44
2003-01-20,17.60,18.40,17.50,18.05,2215500,8.95
2003-01-17,18.25,18.50,17.50,17.60,2164500,8.72
2003-01-16,19.00,19.80,18.10,18.20,6348100,9.02
2003-01-15,18.40,18.90,18.30,18.70,1518900,9.27
2003-01-14,17.70,18.85,17.50,18.35,3464900,9.09
2003-01-13,17.00,17.75,17.00,17.60,1154500,8.72
2003-01-10,16.95,17.50,16.75,17.05,1353700,8.45
2003-01-09,16.50,16.95,16.30,16.85,771200,8.35
2003-01-08,16.00,16.45,15.90,16.35,387800,8.10
2003-01-07,16.00,16.10,15.90,15.90,292100,7.88
2003-01-06,16.45,16.45,16.00,16.05,345300,7.95
2003-01-03,16.35,16.60,16.30,16.40,361600,8.13
2003-01-02,16.55,16.65,16.35,16.40,300100,8.13
2003-01-01,16.65,16.65,16.30,16.45,266900,8.15
2002-12-31,16.50,16.65,16.25,16.55,391400,8.20
2002-12-30,16.90,16.90,16.25,16.40,248600,8.13
2002-12-27,16.95,17.00,16.55,16.65,527900,8.25
2002-12-26,17.00,17.15,16.80,16.90,522600,8.38
2002-12-25,16.95,16.95,16.95,16.95,000,8.40
2002-12-24,17.00,17.35,16.75,16.95,725300,8.40
2002-12-23,17.25,17.30,16.75,16.85,495700,8.35
2002-12-20,16.85,17.40,16.60,17.10,1701600,8.47
2002-12-19,16.50,17.55,16.25,16.80,2341400,8.33
2002-12-18,16.50,17.00,16.10,16.55,873100,8.20
2002-12-17,15.60,16.30,15.40,16.10,642800,7.98
2002-12-16,16.70,16.80,15.90,16.00,961600,7.93
2002-12-13,15.80,16.45,15.65,16.20,847200,8.03
2002-12-12,15.85,16.00,15.50,15.70,596100,7.78
2002-12-11,15.30,15.75,15.15,15.40,575800,7.63
2002-12-10,15.25,15.40,15.00,15.15,209200,7.51
2002-12-09,15.50,16.10,15.05,15.40,499800,7.63
2002-12-06,16.00,16.60,15.40,15.55,400800,7.71
2002-12-05,14.75,15.90,14.75,15.35,389500,7.61
2002-12-04,14.75,15.10,14.75,14.85,196700,7.36
2002-12-03,15.35,15.80,15.00,15.05,286100,7.46
2002-12-02,15.25,15.65,15.20,15.40,362500,7.63
2002-11-29,15.05,15.05,15.05,15.05,000,7.46
2002-11-28,14.60,15.25,14.60,15.05,606300,7.46
2002-11-27,14.45,15.00,14.15,14.50,615600,7.19
2002-11-26,14.50,17.00,14.15,14.30,292100,7.09
2002-11-25,14.40,14.50,14.10,14.15,247700,7.01
2002-11-22,14.00,14.50,13.90,14.15,354800,7.01
2002-11-21,13.85,13.95,13.85,13.85,87200,6.86
2002-11-20,13.85,13.95,13.70,13.80,115900,6.84
2002-11-19,13.75,13.75,13.75,13.75,000,6.81
2002-11-18,13.75,13.90,13.70,13.75,147900,6.81
2002-11-15,13.50,13.70,13.45,13.55,148500,6.71
2002-11-14,13.40,13.45,13.30,13.45,87200,6.67
2002-11-13,13.40,13.60,13.30,13.35,117100,6.62
2002-11-12,13.20,13.40,13.20,13.30,80800,6.59
2002-11-11,13.70,13.85,12.90,13.25,628200,6.57
2002-11-08,13.75,13.80,13.60,13.70,54800,6.79
2002-11-07,13.65,13.95,13.45,13.75,275000,6.81
2002-11-06,13.50,13.50,13.50,13.50,000,6.69
2002-11-05,14.30,14.30,13.15,13.50,506900,6.69
2002-11-04,13.50,13.60,13.40,13.50,84800,6.69
2002-11-01,13.40,13.50,13.25,13.30,154000,6.59
2002-10-31,13.35,13.40,13.25,13.30,98200,6.59
2002-10-30,13.40,13.40,13.20,13.25,153900,6.57
2002-10-29,13.40,13.50,13.20,13.40,195600,6.64
2002-10-28,13.00,13.25,13.00,13.20,180400,6.54
2002-10-25,13.00,13.00,12.85,12.90,93800,6.39
2002-10-24,13.00,13.00,12.85,12.90,102700,6.39
2002-10-23,13.15,13.15,12.95,12.95,55700,6.42
2002-10-22,13.10,13.10,13.00,13.05,69800,6.47
2002-10-21,13.10,13.15,13.00,13.10,45800,6.49
2002-10-18,12.75,13.05,12.75,13.00,49100,6.44
2002-10-17,13.00,13.00,12.90,12.95,41900,6.42
2002-10-16,13.50,13.50,12.95,13.00,141100,6.44
2002-10-15,13.05,13.05,13.05,13.05,000,6.47
2002-10-14,12.95,13.10,12.85,13.05,84200,6.47
2002-10-11,13.00,13.40,12.90,12.90,105200,6.39
2002-10-10,13.00,13.10,12.90,12.90,50400,6.39
2002-10-09,13.00,13.50,12.95,13.00,184100,6.44
2002-10-08,13.25,13.25,12.85,13.05,135000,6.47
2002-10-07,12.95,12.95,12.85,12.90,123800,6.39
2002-10-04,12.75,12.95,12.75,12.80,147600,6.34
2002-10-03,12.90,12.95,12.85,12.90,49400,6.39
2002-10-02,12.90,12.90,12.90,12.90,000,6.39
2002-10-01,12.90,12.95,12.80,12.90,84400,6.39
2002-09-30,12.95,13.00,12.80,12.85,117000,6.37
2002-09-27,12.85,13.00,12.80,12.95,54300,6.42
2002-09-26,12.70,12.95,12.70,12.75,65700,6.32
2002-09-25,12.75,12.85,12.55,12.80,86300,6.34
2002-09-24,12.85,13.00,12.80,12.85,105100,6.37
2002-09-23,13.10,13.10,12.90,12.95,83200,6.42
2002-09-20,12.80,13.05,12.60,12.95,91400,6.42
2002-09-19,13.05,13.10,12.85,12.90,134500,6.39
2002-09-18,13.15,13.20,13.00,13.00,74900,6.44
2002-09-17,13.05,13.30,13.05,13.20,68400,6.54
2002-09-16,13.40,13.45,13.00,13.05,120500,6.47
2002-09-13,13.50,13.50,13.05,13.15,92300,6.52
2002-09-12,13.20,13.40,12.90,13.10,104900,6.49
2002-09-11,12.90,13.00,12.85,12.95,86800,6.42
2002-09-10,12.90,12.90,12.90,12.90,000,6.39
2002-09-09,13.50,13.50,12.85,12.90,99600,6.39
2002-09-06,13.00,13.10,12.90,13.00,136200,6.44
2002-09-05,13.00,13.15,12.90,13.00,113800,6.44
2002-09-04,12.85,12.95,12.75,12.85,107600,6.37
2002-09-03,12.95,13.10,12.80,12.95,122100,6.42
2002-09-02,13.20,13.45,12.70,12.85,235000,6.37
2002-08-30,13.00,13.35,12.80,13.20,96400,6.54
2002-08-29,13.00,13.10,12.95,12.95,55600,6.42
2002-08-28,12.75,13.10,12.50,12.95,112900,6.42
2002-08-27,13.85,13.85,12.90,12.95,207500,6.42
2002-08-26,13.50,13.60,13.10,13.20,218500,6.54
2002-08-23,13.25,13.70,13.20,13.50,268500,6.69
2002-08-22,13.50,13.55,13.00,13.10,158900,6.49
2002-08-21,13.60,13.70,13.40,13.55,152600,6.71
2002-08-20,13.85,13.85,13.40,13.45,157500,6.67
2002-08-19,13.80,14.10,13.60,13.65,207700,6.76
2002-08-16,13.95,13.95,13.60,13.90,86300,6.89
2002-08-15,13.75,13.75,13.75,13.75,000,6.81
2002-08-14,13.80,13.85,13.60,13.75,54500,6.81
2002-08-13,13.85,13.90,13.65,13.85,54400,6.86
2002-08-12,14.50,14.50,13.50,13.55,188400,6.71
/*email to provide support at vancekingsaxbe@powerdominionenterprise.com, businessaffairs@powerdominionenterprise.com, For donations please write to fundraising@powerdominionenterprise.com*/